1727
1584
6876
6641
7210
4263
7529
9795
5009
1256
5013
5828
9042
5817
7532
4477
2527
7563
5454
4269
5501
1899
4533
5208
7628
1638
6661
4672
5692
5633
5492
5491
4510
7400
7692
2677
3176
1509
9295
3760
3053
5635
3467
1514
5389
4787
9150
5734
697
9807
1979
8204
3322
6926
5693
1709
2690
1719
2220
258
8066
3177
1422
1573
7694
6586
1279
1762
8686
3438
8148
1983
7926
9659
4301
4426
9721
6970
2393
3410
2329
3953
7007
4008
2786
8047
1033
9975
7224
6759
3
178
1198
3329
5957
3613
5976
6637
3341
6672
6995
4634
5761
3175
4452
2582
708
7644
7598
8342
4134
6777
6728
6440
2177
3881
9950
9751
6353
8031
1510
8576
3827
5017
7062
7282
3714
2117
4341
7403
2526
1797
2495
3953
2062
2976
6669
477
8823
953
2948
2543
5037
2036
716
6062
9305
6101
6468
9726
5708
3595
580
8568
9380
3134
1540
9428
1404
1749
5915
3850
1048
3771
6874
6218
8002
1186
9530
2840
6655
1288
2531
252
9557
5082
7566
3961
2080
6726
2366
9932
4179
6853
378
8791
6989
3433
2270
1199
5692
9635
8580
1603
4070
8073
188
4990
5557
70
8275
1519
9619
594
5939
887
4871
1507
1463
1938
9902
2356
2194
8297
6173
6613
1601
8119
7158
3667
8030
2763
9802
4297
6662
3102
6926
727
9789
2565
3265
6051
3520
713
7772
1358
5596
5366
4714
8296
4110
1376
5738
8437
1642
4253
3283
6914
1391
6078
9496
9363
426
255
5213
3951
8171
8674
4057
8302
1397
8279
9611
2481
8938
9744
8577
9380
9526
5042
3847
4896
890
8781
5501
8195
6461
8735
1965
420
574
4550
6555
6593
8364
1317
9966
9275
8633
3769
7310
677
6333
4668
5181
9641
807
3050
4139
6540
3049
3842
8053
2147
6405
5775
2511
2629
5234
1416
1394
7795
4724
3301
2758
4742
9115
2323
4820
6807
7258
8953
5941
1045
443
3004
511
7506
8465
2960
3970
2495
5390
6128
8605
3353
7238
4639
9191
7124
2147
7936
9003
8328
8635
1684
2706
9273
5551
3922
7095
8315
6933
7147
1080
3140
3480
8830
1001
212
6622
1385
2221
2980
299
530
3335
5979
885
1701
909
6535
1447
8207
4319
1002
8009
6938
103
3426
608
2729
5137
2493
834
9159
9564
4012
9725
3659
6466
8824
280
895
453
4275
9898
1649
1098
7185
2361
3945
2138
7334
5750
876
6823
8961
6072
1425
1596
3753
54
1330
2776
2199
7513
5381
1804
1253
1824
507
1586
6869
5350
872
4865
437
6369
5589
6239
8289
7596
6243
294
1002
4968
561
2554
581
4191
9855
5705
119
5257
9347
3172
9984
274
9628
3918
2997
8027
3894
3762
2035
6959
1358
6298
4369
7498
2726
2429
309
4501
282
7432
7865
149
6148
5809
5631
4021
2061
8359
163
417
2374
4974
2561
7173
9766
1130
8998
1108
4308
6954
3403
2221
4743
2999
6751
1131
3867
8829
1188
7437
8408
4713
3261
9637
8030
4675
8039
5364
8531
126
3142
9798
4737
7854
6336
1642
4313
8841
8480
4981
3740
609
5284
1927
1308
625
4344
6254
6862
5622
5798
2746
5315
9008
1374
4609
7031
5497
6963
2771
1033
6213
3318
6032
2268
2507
7415
1865
9678
7091
2281
9157
2919
7968
6150
1621
8148
2240
1683
6378
8293
4017
3172
453
819
3526
1395
7375
3783
8411
2957
7242
3062
2005
5501
4584
2305
654
3294
8010
9085
559
9019
4908
6845
3294
4169
7759
8553
11
9384
3383
713
9013
4805
5334
2626
7187
6900
2008
2117
1808
6268
8993
6628
294
579
3748
8150
7806
1164
3926
3645
4102
621
178
950
1876
8902
8781
9857
6283
5839
1981
8178
1099
3586
3078
2487
5246
8169
6485
7370
5104
4073
1920
2697
207
2751
1885
1845
7732
5145
5443
5128
4447
9560
206
7706
26
9604
2343
53
807
8289
9715
6247
7323
4865
1355
1113
8671
9867
8844
9150
1509
7706
4671
3518
3816
1225
2956
9700
5223
1821
9306
2116
2963
1619
3066
1088
2311
7996
8086
2253
5208
8981
6963
1986
2988
924
2590
3265
2000
1665
7191
7497
2484
8201
2343
4763
602
9593
6519
3995
6096
3633
2548
8314
3962
8662
9662
5506
7091
4420
3792
9153
1285
6244
2469
2889
4423
5435
1816
4359
1014
6547
7996
9491
7752
6286
9246
7223
1917
3687
4968
1284
9958
1020
7575
5314
8091
7561
6496
2406
6519
4454
4766
4104
8247
8949
6735
6261
1747
4532
2656
2163
2300
6346
5029
8179
6359
4080
3373
1276
9288
2652
758
1318
1907
3046
7085
9827
8942
4037
5673
1973
5467
5066
9993
44
1637
2048
9706
2606
569
1281
8573
6796
919
5133
5961
883
2841
6167
7469
7952
3348
1712
1944
888
828
6776
1917
919
4748
1585
6593
5895
5366
151
439
5027
2712
8269
318
6700
289
5674
553
9036
1042
8596
223
8121
9991
4059
7956
2332
7672
3865
4952
7219
9403
5128
3199
5540
1149
7014
9792
6291
8673
6069
6289
534
4600
3653
8644
2054
1330
1861
1563
9241
1475
4663
5617
4686
7161
661
3244
8456
7709
8193
7965
7343
5800
3489
7434
227
120
7674
335
7858
8868
3340
8640
9324
5068
4783
4818
8150
5140
3692
8251
5660
1202
111
5542
4106
9190
1339
8187
4412
6314
4319
5839
1492
1978
6936
8648
9404
4886
9767
1652
5725
7686
9412
3339
7583
4829
7091
113
5970
6960
1942
944
6125
1081
5027
6230
8644
247
8392
6859
8943
984
5180
5190
8633
3690
1943
4544
2615
5007
1733
2777
6522
7887
5894
2681
3845
930
1018
4794
771
7518
4316
7492
9123
7677
7276
3977
2070
4451
1041
2547
379
9391
1487
3770
2008
2176
4677
7578
1755
4682
3626
5572
1153
6024
9626
948
1768
596
315
8563
8240
8565
8213
6654
5496
8360
8033
679
4118
5251
2672
2219
4934
1078
2800
2163
6359
2467
1003
8350
6609
8287
3280
9199
956
9673
6070