3977
21668
27290
5656
13295
36
22088
24519
10998
12309
21410
23408
2840
2972
28044
10101
31740
21326
31636
12606
6464
18665
15061
31370
29301
16194
28186
18690
19563
26239
18759
29716
1967
10374
11253
17662
20563
10678
28509
7465
31469
16852
19319
22201
13026
328
5987
4962
24037
5769
26887
28029
22714
10198
22522
16219
28992
29991
26528
29913
16814
22115
23703
6964
20765
27091
338
8991
7495
1751
7684
2323
29070
18647
10176
22503
12096
18045
27358
14752
27417
18721
13472
2698
1033
6277
16406
8840
5944
11971
27198
18600
30024
26755
29040
1274
31962
1393
17401
17571
32339
3311
8711
1069
3296
27398
5829
29729
24759
22947
3270
19416
11936
27136
423
16014
6324
16992
7408
18104
7269
25599
11836
15255
8639
3401
22170
25870
4078
3146
24882
433
2815
5478
3884
29470
16107
29258
23245
1168
23505
7458
30179
32689
10115
7180
1892
944
18500
12493
27730
21140
11472
12484
32737
2256
13725
6428
11996
29463
865
13125
23109
30321
3796
23972
19772
16015
28087
19593
18977
9819
26901
22370
29437
3796
18633
9775
4382
6169
30784
21302
2
28867
26752
21752
16247
12152
21353
17507
28927
27326
17467
21321
17529
780
2393
1809
6142
21287
29517
2989
20234
15020
1291
13004
9436
14056
31098
29520
32287
32240
16944
32002
32201
20462
25469
13444
24900
29370
20908
11144
26572
2986
13189
26944
18712
19370
11799
5909
32572
8591
7604
26012
26574
26280
24636
15814
71
14742
5279
4695
16813
31582
29597
26009
24431
8893
9680
22353
28049
22972
15085
20210
12808
6531
9799
5649
9576
14450
25748
30489
26300
7790
12020
13376
9909
4985
24367
27321
19976
23686
26942
13867
25361
6795
3598
10339
29372
8151
11136
26950
165
12198
19892
4873
17022
23539
25991
7844
10930
30093
18522
29827
1607
17005
23830
30079
12809
28231
6764
4110
10981
26975
14946
13750
32147
10654
18187
17608
22904
485
25749
14922
19146
929
31882
16437
24565
7840
11855
27617
15933
29475
10481
16573
27045
2612
21024
19267
17424
26681
24188
26667
1959
11722
16144
3039
16506
15040
2076
7728
2410
1934
13592
15943
4166
10453
28149
734
9524
12594
12710
2736
22867
25947
2527
28973
28830
30314
11293
31603
11028
13944
11238
4474
10518
31598
8786
22414
28432
9240
28362
31747
19547
29563
29968
3364
10594
13929
31871
27500
260
26450
5269
11257
2362
17501
8878
32573
20218
2999
32018
28663
18779
21035
14130
3681
10233
10228
815
23467
24731
32719
19612
2473
16403
3156
28805
25289
614
1925
14000
28231
13869
6312
28706
9380
28475
19538
24293
18516
3200
21189
19209
14007
5421
30843
26857
17738
28953
3331
29872
32543
100
11276
10011
22154
22106
7360
26496
7966
7066
15187
24335
25559
23415
8411
20824
28057
16542
32098
24077
3545
1273
22585
4105
410
6356
10896
23954
156
17727
2116
32219
19664
19891
19192
14285
22030
21752
29543
3591
17930
2373
13560
27684
2181
23466
24468
14652
9152
18091
7092
29613
30006
26670
11454
14875
9866
29335
11665
26037
28351
14641
31582
6586
29607
23504
17083
27708
24478
21940
25330
3109
32632
29617
7071
2167
31927
30093
14458
7384
2049
24234
12145
10061
2002
14820
25850
11078
8047
21693
2727
1499
8731
13752
19450
14165
18060
20994
15740
26096
11936
18007
16905
32223
5965
5924
23150
4753
17622
15337
4918
25907
32581
31202
1216
13430
13077
20966
6549
14738
2607
1423
3833
30347
4376
30619
25536
14770
15464
27538
10595
31344
25214
26793
27475
29503
32114
17383
8333
7417
18763
5510
23407
28501
4722
7580
11210
2734
18535
23547
26424
12039
10419
24405
19376
9293
5662
4004
12375
30683
28705
30664
14489
13124
32414
21106
15737
28748
17871
24130
24869
28215
22141
15660
206
3143
28274
25376
30902
19840
32048
22506
28299
18862
24803
20567
5619
12201
28565
25241
9064
15576
8353
23020
24902
19956
27242
28026
6946
27918
10316
24188
21342
212
7379
16803
30458
272
25643
30646
941
21617
27352
6524
21557
15246
15527
23260
1771
27944
16357
10563
12954
18351
12494
2374
23953
15368
29000
30601
27383
21902
210
20703
29279
855
12471
1458
13724
1720
26759
7334
10455
11019
3783
18553
16607
10927
27112
5422
31679
25937
3446
28778
22422
19306
10130
4382
11171
8969
17058
614
6048
2515
20295
21937
32081
22600
2704
16419
14428
19016
5229
10039
2139
4309
19046
24745
24880
12570
14988
10643
5528
21676
17072
6358
4100
28433
12244
4283
3492
23679
29151
29658
4036
24037
14229
8507
30555
5680
1733
31676
32481
27847
9412
178
1634
31063
25371
12755
26065
23766
9341
22100
14750
11202
11772
22350
23946
19882
6268
15206
2491
30192
30311
1453
17931
6605
418
31685
10150
1941
26048
5958
3284
829
31350
9823
19219
3098
591
24513
873
12267
16801
28088
4344
3866
448
13467
17875
30271
21617
22631
27152
12518
11170
17831
12575
31122
6488
16791
6490
11010
19432
17800
27100
5810
6762
10630
17047
9381
13675
25145
29345
8290
20450
22025
2255
22333
21605
3461
21125
27607
31389
17158
15564
744
20728
5519
19365
11580
3741
25336
7070
13052
16805
3404
8610
9263
11656
12143
7445
21120
28117
1284
28705
6210
12583
2445
21066
4273
8276
4820
4425
9595
17895
27275
21527
5503
2513
11055
5192
22740
5467
25650
16794
1549
13151
18776
17358
7355
184
29026
20150
22836
247
26602
15504
30099
27479
5774
25234
31744
17396
18768
5062
3634
5431
21053
17944
17969
23957
4173
3502
5217
1401
23947
25207
16060
29054
10357
25607
25951
1250
15526
4002
12360
10296
32434
7318
2654
10332
8018
29390
3505
428
2497
28581
1284
27509
4453
27896
9865
14252
8882
15999
27627
23263
31564
6493
11153
12394
11627
6645
22306
20206
29316
23552
836
255
4390
22748
7338
13853
23074
39
28237
32742
238
16013
23801
28553
21323
26334
31756
26494
5158
12644
24443
13685
32188
17779
20245
2188
12034
321
16140
6084
2116
29688
12721
3254
15116
15882
26239
1666
4421
19397
31323
18697
12192
7719
23834
27740
22327
5619
16452
8307
27249
29956
25367
22819
14629
2530
24527
30282
22530
14739
24101
15437
1838
23476
20246
12484
27693
7368
5605
12147
8965
23247
16995
19325
27295
12315
16494
20692
28785
8287
8376
31220
32602
7177
24266
11729
5581
19921
18504
23053
10034
26258
26998
15727
3209
23385
8955
13969
26705
18876
19685
27352
424
30318
2798
22953
23219
6672
13821
12250
1600
28745
32496
28519
170
15640
11929
16231
4093
15465
9990
30782
28507
12263
2566
16403
18847
32530
10472
19333
18239
7569
8582
5785
13175
11209
19587
10743
31908
1454
24784
16471
5102
13273
28789
24630
28713
29404
8846
15821
14333
17618
20115
31043
22341
16698
23773
3362
950
5893
4198
264
29889
29933
7633
13471
21178
19465
13226
22222
8505
8350
22510
23857
10433
23865
16078
4039
9119
23546
32432
31979
12821
6707
17783
27014
22968
18994
29444
4482
5143
14170
15612
19586
12445
12409
16332
27344
3513
27733
8427
24214
27963
7304
9823
1362
26626
8846
26499
9604
17620
6941
31495
29865
13965
13236
17976
14701
17788
32375
20866
24093
26634
14394
17971
1883
3740
13532
31105
789
9915
26070
10447
9144
22899
12051
19244
23456
2296
32259
7197
11476
20880
22251
17308
16624
4524
19583
16224
15714
15704
5554
29023
10201
214
13773
30610
28411
30342
27326
12536
27479
29706
21939
5085
27802
12966
4584
14684
9989
22253
11709
16931
5406
7066
14860
30838
8614
9148
25529
21367
11724
14358
19339
16292
18336
29637
4154
20641
9418
9251
16073
16440
13692
24556
7445
24222
25509
6559
687
22519
21096
12583
13287
29469
12748
18619
29481
11677
31413
24835
15501
22787
10003
124
24489
7512
14937
27165
27562
1256
11825
10043
8611
30025
5997
26794
24868
14744
5953
805
17167
518
27824
2799
22183
31891
14917
21179
13546
27418
21507
20938
24097
23182
10654
13651
5557
24451
8428
8487
12356
31728
29846
25493
2036
4659
27411
8331
2823
2389
31191
14335
6320
1680
10439
27533
8229
24590
18929
1890
13814
11508
22906
4696
5021
5791
6615
18786
13654
20269
16448
27179
2609
20800
17762
4346
27237
19710
11861
11737
18407
26205
25037
21750
19771
10397
23956
28233
24203
21270
24632
2167
12534
25395
23297
21239
27690
32703
16421
883
2613
10591
319
10865
27032
21600
20990
15154
17821
20403
794
19162
2283
7478
2445
19154
11864
7990
1535
17003
9214
16177
24706
19396
25745
29152
19583
22509
15088
15476
18672
32332
25593
7969
28880
23360
674
2265
12240
16901
6725
14426
12108
17880
828
11882
3965
24155
3502
5473
16624
11066
18088
16873
4663
6927
4976
12546
17886
31107
5910
10057
17569
10422
5707
21881
16347
2530
19830
9778
22594
22843
27909
6393
7378
281
12289
20097
30215
10328
16614
10792
20815
32767
24753
11461
8383
5153
1082
27809
773
9217
23492
20163
10142
17785
30931
25969
17225
22429
1598
6131
10427
2203
18052
30618
22932
29414
19555
26113
9106
5523
8615
28819
7684
11267
20545
1357
7042
10434
408
25797
25564
22447
10276
30060
19024
27485
26424
23568
29696
31162
11551
32165
25251
11246
13163
20036
6010
9606
22922
4468
25221
26322
3482
28585
12792
11915
14206
1290
30185
7865
23090
19831
27723
10452
24411
4555
26911
1322
16675
14942
28393
14720
1603
10959
11105
29436
17505
2816
11372
14147
7325
8545
24906
12510
26215
8818
15377
6882
31891
6531
1882
4048
24751
20158
17466
16314
10388
20072
9332
20903
27195
30052
29932
29753
6610
9977
3167
24973
3599
4053
4690
23139
7877
6737
12872
23679
4533
30710
3896
6223
18854
25664
2878
27085
27576
1187
14225
22695
28405
2508
181
25501
18985
30249
27378
6955
13299
11691
29444
20329
10525
13003
26388
21807
11561
13515
19431
9852
31020
21310
8790
25113
3296
15050
8446
28281
22004
32557
13880
17380
24998
22142
26188
8661
19604
6581
23009
13216
25807
11886
12472
26711
12850
15850
27802
495
22770
23895
2191
8095
2677
2897
4177
18313
30824
9896
19456
13212
32268
16996
21527
26041
29648
31494
8607
18196
24869
12561
28323
22238
142
19657
31459
11297
18934
28475
2252
20203
30535
13437
9896
11438
14136
27447
6163
11239
615
25954
29614
8958
18087
18000
18711
13933
23707
29165
25368
25125
31620
324
31262
12845
8023
24645
27373
28301
5395
30917
17811
15978
8529
3782
18586
1650
29980
12793
7298
1659
25860
26753
25455
31334
5742
30458
28958
16970
5934
27066
16157
21967
4952
17238
28988
1751
7506
29800
32319
22372
15406
144
20693
26294
13367
29881
29902
14771
15818
4766
9352
25228
7784
21900
19114
19358
22536
13417
19477
10646
25266
17653
11800
22745
9289
9296
27875
10787
6825
18621
5695
25197
27634
8357
31868
29205
20770
8927
5546
10041
3818
13358
23308
24419
28858
1547
15561
31852
31263
21157
32229
8346
16974
6695
3184
30220
11777
17721
10749
1368
31617
20681
30806
24434
21764
26379
15982
7888
23866
2494
31127
971
27171
12722
3829
12361
25123
1927
12595
18073
28504
6583
20084
28574
32043
13271
6797
3120
13349
15129
2417
5567
26629
13334
19948
29241
11279
21962
12437
16174
422
19936
21246
22579
21789
6704
13101
7300
15563
7047
848
14317
11869
17830
10668
29418
7792
4237
31959
19981
15968
3833
4135
27808
19546
20011
9322
4748
10681
25323
4311
14713
11151
18381
14405
311
22913
28851
24219
32604
3801
14227
29320
12847
12758
1658
8052
6853
30022
25297
15286
17002
22615
15840
26375
12099
22699
11920
27958
3121
2730
30837
16670
2039
3100
1035
9174
12192
1271
11328
19495
18459
10869
1331
8771
27433
30826
60
25523
27513
5333
4396
17298
17424
4533
14550
23289
5871
286
6350
32186
32496
3979
29808
18257
14578
6262
17188
29719
26677
26918
14305
23225
31239
9673
25072
6633
27809
1218
19187
20051
32076
21572
13861
25811
456
32288
25827
23781
28909
32219
1132
3933
24211
32004
10469
19800
28336
2500
31136
27506
960
7095
29341
3385
11370
23290
24401
17634
5216
23942
29351
23355
31879
20156
8261
21473
32344
13632
6928
435
7814
19211
7410
16262
29408
7100
23515
8475
24442
23855
20485
12366
12039
13905
12157
2703
2698
26675
17119
29334
5166
3421
30560
10835
10609
25444
21010
10532
4232
21183
10340
587
5375
10454
16872
3999
22433
14428
18266
13441
21911
21471
8925
19730
27348
22173
13703
7588
21424
12186
1568
22126
29138
8943
19751
32643
22612
13669
534
24837
25378
30274
19944
15253
23971
7011
1751
25871
31900
9099
6506
7540
12113
29435
687
12328
3053
7747
16325
13662
23331
22359
22174
2000
1814
12517
23555
17075
29046
11238
6873
23530
29932
17268
16546
11898
5561
27355
13127
2366
9626
12786
29716
5596
24302
940
13316
11255
15130
13034
32063
25766
2093
18835
5601
549
448
19943
32765
32715
28961
29200
15074
24124
6320
25082
10652
32736
28296
9061
17086
10644
27234
15417
27999
31647
27319
4889
12131
30439
29989
15930
4348
25189
22036
13430
22895
9430
25497
5276
2332
26291
26523
30475
13497
4196
30004
32127
9694
30897
11609
5418
25798
22393
14014
7943
3924
20646
27892
29291
8532
11104
2772
28125
4612
2433
21537
2599
27346
13129
617
9133
15208
19284
31020
28158
3814
32456
1345
17833
18030
1491
11124
21586
31974
2133
19060
15108
22521
15065
5101
14025
27231
18378
8433
29560
2911
22756
9628
207
18322
21736
2040
7617
20201
9620
24094
19985
1009
6610
6046
28192
4182
14384
22049
14596
8871
5520
14669
29913
14680
1056
8681
14684
7949
11917
12354
1206
31766
29556
461
4757
8501
5402
29197
10625
28584
4444
25271
21102
611
13801
20245
11917
31902
17582
11944
24424
8591
15506
27409
13614
6521
6756
27954
5963
2021
9745
1424
23356
22319
8219
13307
32162
23877
25414
4722
29077
15788
20117
26433
31290
11460
2932
8812
17048
30796
1079
19024
10151
31016
7875
7048
26794
21090
3979
24590
12735
8560
22719
16802
13493
949
18879
7024
17437
5450
4822
3821
9380
19709
16677
24578
2208
22938
14045
23660
27112
25706
29618
21091
13801
23802
16780
23161
32758
12829
6527
30918
11744
7220
21757
22850
21191
23725
32586
11122
11311
5834
23345
24903
30038
9636
28918
21827
1222
4975
14475
7133
26662
5631
13318
1063
29269
13451
3667
2990
28602
31410
4646
18849
29909
23739
3380
5430
31514
12577
29603
27466
16384
25423
22463
22344
6741
17320
2542
25419
14804
6346
29926
21383
1273
22036
2589
12517
2324
7014
21121
26349
12445
25127
30570
30953
13255
31629
22477
4679
30551
17432
32178
30272
19895
12384
2024
4791
20038
5905
23543
14948
14067
23604
13398
18993
3082
25008
24286
15844
27213
24848
16255
30719
16199
4742
27442
16612
23517
17712
28462
16701
5414
19611
6239
31643
26493
26502
20244
2397
20436
1000
23288
7892
20299
1076
9027
6821
19713
27099
16177
9326
18985
2322
27316
7852
7265
10711
13157
28636
8768
14894
29121
26336
9774
30129
25234
16037
25465
9799
29867
1283
24997
25140
7896
26852
6659
27474
21013
13225
7045
5021
23550
29129
8400
19189
19847
3771
19603
14880
14829
26647
23
3855
25069
7160
24
24162
7987
5796
23508
15918
9237
9071
19041
32253
25473
1244
29251
8214
13620
22534
20286
30719
2605
18238
10857
4673
17762
20470
22660
18795
3249
8158
12939
11353
9753
19788
31883
6582
13610
28385
11957
13504
27834
22122
21681
5963
2266
29444
30517
25865
9481
7812
17365
9224
17063
23061
26397
32380
5036
15907
19677
20927
23961
8568
15044
11926
2223
15269
31024
11958
12127
18084
32325
17287
16899
25531
20285
25127
4811
18339
3070
12466
24058
29162
22770
6337
8786
29590
6931
25392
24012
2315
14917
16677
653
2863
24041
26189
14358
31691
22447
6249
15547
12597
12459
22538
31574
25900
3244
1688
10556
11011
22473
11673
112
4354
29244
19248
27159
28937
20084
18404
11564
13430
13669
31139
30069
3913
9507
22535
18102
30342
32175
17880
12324
21979
28688
5073
21532
18563
25510
8359
6165
22890
17852
14919
4308
3730
30556
9311
32479
17333
19815
26657
28467
6188
22245
20804
21561
29711
23961
15435
10999
26782
21720
6665
131
28639
10908
19557
27582
20361
11989
16475
20286
8993
1279
26947
30604
20835
21497
342
27024
28899
10261
13166
30025
24564
15212
4621
24770
5065
6260
32673
16193
25306
19156
27654
18625
20105
4726
2893
17826
4102
19678
27068
25248
27760
2235
277
258
5181
30652
13084
22291
4571
12965
19795
29910
2967
930
31240
246
23743
10971
17041
16892
18947
20808
1751
18372
21793
7623
3601
18738
29634
8300
5330
2593
11678
2072
31814
23964
26087
22093
32440
6225
21477
1344
3416
1858
28382
21552
15164
16062
20792
11767
22948
21904
22241
24031
10626
24694
31471
1718
17978
16853
14468
4133
11686
8618
29429
32317
2397
8644
10539
26451
7477
8753
30793
31758
32518
10742
12686
21950
31665
18435
1918
32495
19809
101
5692
27199
1809
6590
19259
19308
22863
24306
28693
1713
5183
10532
23739
10835
2786
17889
5327
9847
15256
3482
21582
14134
25060
15960
20338
13555
21872
28331
10711
16108
23121
11491
26844
29712
18059
7811
25932
11793
8408
13299
62
29369
7333
17525
7993
3969
5982
9818
13212
4960
31467
6006
20797
6881
10619
2513
6225
8824
22144
10399
30348
21270
28922
10611
905
31995
761
15791
31851
13516
10845
14399
8901
18149
3809
15239
695
29936
31064
921
25690
12726
28726
8364
27742
20278
32081
13770
12274
21236
233
4040
16356
25748
13798
10363
28426
2727
19298
27177
22496
10693
14183
18238
25970
31196
9978
31296
25469
26055
12120
517
22993
2339
9343
11812
14073
16478
14576
20393
3614
32528
19124
25101
27689
24719
413
16485
2088
9918
8910
15065
21235
6949
15741
8280
10767
1607
5368
4234
12754
12591
27622
10758
6856
9549
5328
26822
22102
7808
27616
18647
32413
25460
7656
341
30113
30766
24741
27543
32683
24293
70
27303
23788
23316
26152
26357
9826
27341
31972
12876
29184
27216
5515
26628
521
5596
12848
7546
957
24005
22951
30397
8503
16583
22669
29578
27286
8346
5000
2171
23131
17606
20176
22651
30994
32697
3823
8829
25653
10775
30405
14190
15437
26705
18126
3175
15962
28281
25000
15656
3189
13909
31183
4802
27060
23474
19628
25235
27982
4858
3790
22903
28927
28169
28023
1853
16046
25405
18778
15960
16718
19148
3747
7127
15618
18011
20024
19352
21124
18124
31806
23736
20935
9303
30688
14925
8155
31964
16459
7256
13330
19575
31485
1269
28769
29782
12096
7637
22792
9159
23281
2542
28533
22421
17542
32625
13414
25493
11856
15869
5455
14972
20220
13586
18683
26611
13152
28360
24437
28910
28021
4801
2345
3641
13471
5468
22855
30035
23349
26411
1896
9088
15677
14504
29812
24346
3191
9763
30403
25384
7582
24575
12674
26930
6890
8990
31577
1363
16345
5530
6218
2191
559
23478
19165
23911
19515
30996
122
4779
11357
21032
7446
2192
7621
25068
10770
29698
20093
30677
27743
11323
1706
4614
9703
30357
5391
10181
1576
17564
25810
30763
3618
6248
8323
12575
27508
810
1626
645
3778
29188
20928
29106
345
15646
24081
291
15894
11510
26273
111
4484
27127
2045
6267
17732
2638
26227
26605
6834
12793
7636
17379
22725
31008
24184
28900
28983
3241
23427
26647
230
15623
28263
31922
12155
28498
5034
30134
12873
9373
9450
28634
30328
2948
29726
7108
13922
20484
11294
11391
32317
7568
6758
2602
25595
1888
17942
7405
30318
19213
30782
17458
10160
8539
6489
19985
14018
4437
2071
779
23667
31136
19808
6652
16259
17417
20885
10315
29705
30560
30489
25188
2578
7049
15888
16488
28555
9168
21862
23330
10593
21373
15635
5438
10214
20648
23966
25781
14967
22863
14560
20620
26204
20134
6155
30398
9455
2734
23275
11895
19712
13321
19563
6786
11129
1037
8282
16389
3902
13079
32367
30060
19543
32546
16011
15779
31313
152
14911
25480
29153
16743
22414
27040
19915
19032
12532
8712
29442
6813
32423
687
25617
15784
9500
2499
25529
29508
3277
18025
10972
7646
10042
22961
13722
27427
17709
969
27577
27345
8771
4465
10314
1990
18856
15790
25737
5982
14370
23491
2566
29435
24401
23901
12290
20453
28213
2318
18460
18773
752
29948
32301
20684
10701
6619
20336
30889
19842
4632
7398
19707
31922
22871
15608
11924
10422
8224
20575
25695
16797
2005
24129
22259
21361
23272
31644
10855
2236
5450
488
10856
13899
20775
6392
15498
21554
27600
6178
19676
2065
30457
671
26815
9365
18980
9012
31736
16961
18525
2834
25603
21870
11816
30716
19882
26000
31672
26023
4311
18876
20321
20070
32423
3687
17488
24327
21951
26737
10618
8695
20707
22882
9426
26029
965
26867
5823
25158
31258
6096
20941
25197
19699
28572
31395
29566
8779
21557
9269
24811
19164
31290
31802
32478
29240
9931
7137
2080
5396
7312
20671
4921
12775
23037
29196
25305
26548
3284
5648
5494
30499
24299
15320
30775
22999
47
15661
273
25596
4585
7367
13360
9247
22336
1213
30872
30019
20223
2368
8204
30513
6809
905
9774
24847
22123
6416
27369
25140
18240
17151
27660
1339
282
27110
16951
18774
27440
27056
25851
26085
17715
4566
31293
27720
4565
30162
13531
15345
2700
8663
1683
31933
147
1983
10528
4996
20275
14405
17061
17647
17216
15476
10575
31369
7142
9055
2614
24089
2214
6163
30597
16176
18587
5066
8667
30462
20226
97
16625
15977
4345
24332
28540
10849
24711
18249
32341
17005
30941
21010
727
25994
8155
17751
9352
28982
214
5035
28156
24264
9369
1086
9463
19202
10921
5899
28114
7145
10190
31058
15904
14548
19918
7753
25233
2244
16508
20495
7190
10995
15345
19681
6213
7600
28698
17552
18688
18281
13683
18994
24401
5642
32529
3608
28057
10374
11750
29697
29930
14002
10561
22925
25009
11098
24724
8437
15256
9359
6778
21496
3242
20030
13560
29465
17336
19207
15107
17671
5628
8011
29507
14941
9213
21127
19479
14731
26034
15073
18649
26388
8682
9985
21603
15867
29932
23074
7378
3191
10842
3689
23690
10478
28251
29045
13434
29473
6648
20279
31649
30117
7879
24324
10192
15250
21959
26344
13234
11903
13708
10558
9739
4269
13212
20605
7741
26498
21784
19797
2576
27193
12959
23291
26802
18649
29551
7617
16125
24419
973
4073
8441
10576
2728
12475
29858
2362
25209
10709
20971
14554
6509
24259
9218
30002
15558
6863
28630
15115
29566
20762
25559
10146
11310
8940
5372
20895
25135
8265
3339
11846
15871
30405
3605
22257
5350
665
12095
17086
3033
30197
14025
18565
24990
2712
21832
32013
9265
29087
9782
16767
21863
30106
6573
5658
17105
741
11120
1321
5347
2614
2859
14898
22869
29042
6652
6513
3274
1733
24881
27524
26544
10737
26196
29032
29287
8166
101
29860
9381
17556
4710
10180
5145
3837
20253
27401
30286
7054
27157
18783
31187
12463
23014
16783
15001
29081
4022
12214
21916
13159
18432
27382
24517
10352
22676
27499
17423
21973
8159
3169
19690
1878
31085
16068
23773
13674
23468
16343
6766
4494
755
10281
4934
11485
19906
26310
6801
27873
11852
31914
26276
17065
21810
3195
12770
22555
31122
4727
25312
10124
25152
22699
32711
12686
5203
31589
28922
17673
19172
4589
22265
3470
7186
20336
30598
23527
28489
12349
1542
23795
10437
1844
19241
12977
11857
32634
28621
9114
10581
26226
28448
21556
10767
20969
29701
16100
4129
30353
9658
24067
23628
17073
10167
15413
20347
4378
20697
24310
31491
2141
23999
16246
9769
31291
8821
17831
11493
22365
32591
31124
15333
2886
7448
24308
3541
21637
13420
12031
3550
27951
25699
25728
876
6028
23664
20012
11061
25361
23944
6962
24951
15758
22150
5651
16768
9385
8142
436
24180
2955
6704
19634
31051
18649
13584
3829
22553
8422
8132
1416
8850
16423
10814
167
26573
14823
6379
30746
12616
24379
28634
14786
18221
569
31009
26226
2515
31077
2685
12544
1160
30572
20024
5019
7566
2837
4944
28510
1891
23412
26837
18982
22341
29793
2195
7841
25846
14120
21745
29352
22461
17282
28185
10191
1197
27844
8793
14906
553
3927
15817
25010
5288
23144
32047
18679
22710
25056
10271
20312
20028
3223
5735
2178
10496
12996
9386
28310
2671
185
23626
31358
2203
29133
21131
5760
9856
30617
758
7955
8587
8551
10492
26098
14429
22503
23772
27504
20172
292
30663
16907
4906
8375
833
20547
2250
18490
14282
25773
7105
27648
20158
20547
8682
28675
11130
31486
27949
286
8128
9895
21248
3709
20317
21482
19757
30545
30472
32172
6102
16584
6798
7838
28855
26684
24108
13586
23468
9643
3900
14606
4211
12903
8213
14495
30130
26638
6956
3696
19772
19389
20863
26267
30096
22913
18483
1471
25763
9230
10619
1619
16351
7348
15549
58
13675
6030
10736
20119
31405
24573
3145
26594
5133
29012
6166
31804
18940
10197
22506
19967
28469
32221
17658
30874
23619
10587
16071
6556
17476
11654
9725
4110
18156
13520
7835
17926
25549
18197
15701
14457
13013
12313
9271
12625
1560
10801
21130
26559
22735
8512
11259
31443
12193
8677
31482
31306
20002
18675
29281
29095
26010
18210
29270
10629
8455
19716
5234
4907
12901
29498
17187
4705
17708
29415
24654
6530
31259
16997
16185
19411
20532
27191
30121
6675
7944
9791
18503
3411
1588
10033
13896
13320
30252
2120
26701
25951
13879
19768
1672
20176
3003
31843
14881
32758
26299
10575
24024
26782
14238
856
8683
32030
21042
15522
10042
29928
496
23890
21929
22366
13186
22270
29126
19176
22402
27745
13740
23108
25221
16724
28967
9246
3672
9978
29976
10465
16521
30778
19995
10956
14889
6770
4712
21576
29905
30313
18167
6265
20707
32134
8168
531
30994
3904
8225
25711
7973
21206
23609
8926
30199
22848
25749
573
3267
7013
6864
14537
28574
10382
30304
12341
12613
6427
31863
11770
16921
6517
28456
21999
14440
8515
30667
15129
28142
10977
20642
29380
5788
32525
12733
24018
13464
26852
1306
7252
3460
26126
9745
24407
1283
10037
12271
3328
121
29883
8162
27356
14355
19372
19989
17009
6408
18161
539
13337
7454
10439
9873
11280
15215
6256
24575
11723
22125
26664
2816
27019
19236
30555
26019
20531
1471
1301
26640
6486
16206
1722
4207
28565
18630
22263
9733
14120
1865
20728
14240
8890
1448
11228
22838
2682
16167
10854
25801
14703
1920
29429
17037
9483
13354
9142
31821
17156
27354
30488
8203
29023
14667
3200
13799
9422
23099
10559
19778
20795
19382
1473
25890
16549
6806
31494
13272
19499
1867
9302
4577
11110
26584
18737
3083
19964
27422
9094
24792
29554
8541
22053
27943
30018
28152
10101
19473
30510
18040
21610
11794
29139
25300
4018
11113
19329
17136
303
5569
29514
11619
22954
3344
12889
2941
20166
23488
10118
18057
4914
24077
8487
2639
7971
30894
18728
4317
23810
25271
22366
23431
3681
18110
15896
32045
32052
32572
1271
22972
19774
29239
17920
32503
457
20510
240
31352
2970
14837
14543
20721
29476
4785
4040
31416
29436
32742
21816
2435
5773
23967
14853
23408
12557
10637
7985
32584
16560
10597
12975
11780
4635
20611
20085
32144
14363
10451
19922
12496
11159
17137
19714
18657
10179
29071
1792
15265
5783
21528
17819
29553
8576
29842
6092
31801
14933
31945
16967
429
12428
18090
7760
719
9902
19437
23248
24245
31752
14583
21416
7821
32420
9982
29509
8414
31095
16750
21108
2577
29404
23179
2680
7727
12097
13144
27995
26604
19488
31416
6273
20709
1842
18388
5507
3878
1503
5052
32058
3055
12536
30289
20761
10168
30888
10850
32448
32626
5288
7445
16847
5904
5299
3209
22520
3398
21818
31161
15193
15504
11352
29092
22280
28023
25352
29099
27119
32272
20118
27450
3034
8901
7763
10922
2254
9303
12685
9574
1693
16164
2494
29517
10423
1958
11524
30552
9795
30781
3281
31613
1646
3118
17636
17363
30467
3051
18040
23798
28989
28309
17339
10669
8409
29887
28545
29642
16750
24693
25914
1106
26113
28284
19745
1758
24276
29916
4279
15425
12672
19100
13168
16491
22339
23757
9132
26510
13723
5322
6120
30335
1300
29629
19510
14942
6750
1893
13290
17273
17826
7191
29591
18286
15382
20483
14138
28304
16336
27577
14516
4236
31192
9196
2686
9293
14976
10357
31384
26396
5112
9370
8642
32524
797
5265
29423
7317
6802
5184
24311
24447
25618
2887
24716
769
27652
23104
1135
5419
11088
27973
16867
15745
17266
22451
14179
22249
16589
23854
8080
24775
22337
3046
4717
2918
19711
19480
26318
25498
1948
2263
18446
24995
28517
22028
21505
24405
7411
14268
21801
14710
1279
28297
27949
8296
5751
28028
17286
23559
32464
23809
3196
1749
2207
20275
31825
1109
18531
2394
31420
14004
2981
1714
10905
14254
15940
6255
6622
6320
14858
18173
11729
28218
13442
22668
8056
10888
16142
8396
7249
2929
3380
32245
24388
8079
30009
9995
21974
9888
24305
12128
9631
20780
5333
25434
9726
9065
11094
25206
8715
32603
29297
6797
30413
6719
9604
2135
25006
24874
19808
24877
4907
4334
2207
2579
22992
1341
11832
32757
31076
785
32336
5425
609
586
21843
10326
15783
15001
5444
14379
112
30622
14673
30964
31879
30797
18347
20208
24757
23958
5524
21030
23932
27717
4538
16226
25096
9767
2243
31354
9571
32366
6185
1493
20456
11606
17224
4910
22778
26377
24245
4502
27894
31168
17874
23736
28517
5932
3743
29025
28023
19732
12243
19264
5293
28991
19756
20458
469
1172
7683
27424
31803
20864
8739
16469
28958
18840
6363
5483
17249
26240
28242
23230
17283
4619
4891
29795
25553
22947
29193
10418
31962
28908
30789
22529
13860
18340
25501
25011
26397
14030
19231
23154
1108
2319
5607
30648
27881
25176
21557
21652
11331
19141
11971
29611
1024
24773
24661
8829
21042
30332
28049
8681
10184
7781
3857
14323
9034
27452
439
3782
25546
26395
12608
1269
10263
1507
28956
21254
28211
5853
14205
10801
9991
31137
3759
12389
21078
6711
12455
32140
5872
30845
222
32272
11048
16072
22624
24222
8583
11214
22559
25898
28098
21444
13710
23347
13802
31939
13675
27976
17379
6768
18652
9163
11031
11484
190
22773
30315
1705
19258
20506
29299
15983
12185
21038
26593
20317
31833
29577
23108
11556
7040
26343
7919
20240
304
435
24630
30328
26748
21893
24801
13401
21114
745
5082
29246
31641
10594
23593
611
15157
6318
2338
31513
361
10060
25309
24940
26405
21052
23271
26372
1152
2566
13623
16201
335
20733
15716
20427
5110
3781
23573
16352
25214
15635
8376
11151
31208
20916
4983
32172
20417
2513
25447
13637
503
31345
17667
6717
18667
2623
5338
9527
20423
14478
4740
7861
26386
21914
18394
14721
17794
4112
28775
11341
19217
31697
29977
3734
31314
30195
20540
31950
7174
2569
28073
18361
16619
15525
23355
13080
5588
24347
23939
1925
15870
20615
15549
31646
10146
20497
24066
14437
3783
17519
31935
31975
8794
7340
6245
9500
32640
11816
27234
6159
30507
13281
30801
24894
20972
21232
5741
31044
1544
18519
28236
437
5069