27896
12424
29648
30593
23935
2885
2531
16555
25889
15169
21638
17210
24390
19351
6778
12993
22986
22782
29350
17239
3575
30448
9391
22496
26032
28683
30666
25998
24814
26039
25550
12455
28529
4873
22670
18056
4783
14055
3941
22762
23569
26989
6930
24164
7006
24720
10694
7217
20855
26625
11644
32052
15174
4180
24201
23097
2289
22882
19572
6014
5459
23532
28935
15218
12716
13953
31142
25276
22935
16801
15072
13695
25405
20258
580
16860
32713
30931
14966
24505
8220
16992
5506
449
4545
4725
12655
6060
26659
18214
27416
26049
1533
27023
21303
30105
23315
17591
31171
1061
10784
25531
892
4339
27407
15144
15812
29356
7533
424
9392
5346
7967
31713
3935
17160
23376
16282
30346
9410
26030
12831
2397
20320
21974
17895
1157
4260
30476
15221
32651
22220
8240
27004
9312
22988
18413
20550
1337
27100
10548
31830
1180
1842
3049
31821
955
10001
1500
28170
19202
18946
18426
26389
24812
18274
19397
15422
17178
29212
29953
27777
13734
31416
31664
13101
7349
12949
12865
1350
5195
5234
31749
32295
14948
13875
2018
32619
24384
2018
9035
2062
4094
1013
14703
1744
12140
13519
21169
11226
4382
13193
10329
32164
19133
1009
8329
13590
12194
29139
18034
9454
10915
21368
4807
12385
27181
21869
6258
5381
4756
13189
27015
3054
27302
801
18550
1559
13958
29359
31108
2052
13496
8817
18556
26790
29048
31360
5793
30591
25680
8720
1256
19975
3049
31733
3684
20557
31778
19559
9986
8417
4703
27650
12918
3058
17443
11280
26485
11700
15330
20491
29477
22532
14352
16478
28882
31567
24702
23148
2530
5808
1510
467
21003
29528
32709
22258
13251
12083
7272
13993
248
23241
22346
26463
31746
11874
18845
5962
27862
6765
2343
4074
5756
14114
26959
17111
8387
22375
21112
5053
18995
17136
9101
933
30275
23467
20957
8566
27596
12891
15146
25531
22462
20098
24060
20390
26642
11653
27707
4437
4863
15627
27645
26965
24177
21670
23197
4965
15287
29365
1549
2684
19323
16521
4205
19981
7672
8646
20956
3209
17255
21260
3214
22310
16570
23511
10014
17119
15501
22436
24870
6843
30810
23126
13838
1875
27116
29655
25121
20366
2326
5890
15846
5808
9636
26561
25517
15251
22930
13426
21352
15667
27516
7824
2236
18545
13654
13967
14168
21264
25437
3847
8582
26628
8013
2837
15615
2284
31701
27647
6660
18653
13384
25110
16554
1121
5269
9441
30838
23231
7545
22135
11817
19581
14579
13869
27613
8996
4857
26225
5969
1603
27241
18934
27266
25014
28226
15378
23163
296
31508
10340
24685
1239
19637
17849
22786
5015
30774
30768
28143
28186
16917
7837
15817
18286
9396
20268
13849
1735
6922
18247
21426
22143
921
4793
15682
9307
12192
11795
27688
30480
29329
10318
22405
15622
17861
1971
21910
30811
21615
30200
10049
27691
975
30636
25069
12047
19368
13013
11159
18147
29427
2263
32034
12749
1237
1943
24303
122
4559
30177
21422
26027
4405
32519
25972
24305
30433
16843
2317
23220
20776
18047
19347
32634
781
8299
32319
30822
28341
15983
21632
27391
9243
12010
10314
31284
26629
23258
22705
31388
10039
31812
30390
15362
10726
21462
13409
3104
7023
25035
18960
22187
14921
9743
17934
1680
17464
11171
31335
3198
29380
25412
31995
11940
7146
4423
28114
1468
19217
21192
30639
19272
26176
32259
16104
23835
13197
25090
12916
6684
21209
10617
29510
31815
32698
25838
17881
5108
12217
28
16909
18524
24766
9882
13617
345
11208
23480
27233
7789
28641
18858
19730
24326
10578
3048
6635
8192
18707
30932
4567
4716
8325
11933
25432
20368
13667
26468
15902
28206
4598
22686
17624
32010
25993
8634
20810
1702
2333
3587
16031
592
15454
11719
11777
22110
11989
2745
31080
20409
10590
31636
18607
12952
27613
23297
31981
18574
4909
9659
26114
4039
7001
17393
30320
28559
21007
492
26989
5651
19793
31729
3894
25452
14958
361
13221
1497
6449
13119
21254
11084
14168
24970
4391
27689
71
27756
9902
21322
29950
11321
14511
10054
24649
9436
20094
22771
6966
2167
22978
15145
30156
19786
1227
26569
6138
23254
15142
30206
28366
4674
8302
26051
31208
13821
26980
25766
3373
29861
19266
20427
23232
6952
30029
5939
22830
12841
18602
26174
23016
2725
17010
13679
25591
32214
19465
10608
9963
25687
26027
25430
6676
2186
24391
9765
7157
6199
5009
30103
9718
22901
22867
4633
26713
9934
7939
30231
25199
30366
25755
14457
19212
29116
1957
30830
23864
23900
5525
13928
23847
23604
6236
15976
26988
19166
4410
1915
27753
15230
5588
11396
16906
21668
17286
25149
26035
6004
31994
3705
15478
20740
9722
25772
20362
15109
20866
11180
2808
4006
5658
4281
21656
5301
31842
11196
3900
25095
15343
6348
24107
26395
14933
19190
15569
29690
133
31806
16052
18785
6746
24289
2986
29730
5230
29661
27722
30664
3122
10931
31392
3194
1598
11884
19237
29730
32485
986
8685
10958
26893
23840
2083
30294
3901
18037
21939
6463
2808
4132
838
11487
17994
6615
22643
26306
15264
25366
18995
19789
26589
1291
7574
8097
8873
31112
8885
29890
20748
21323
7144
22009
9789
19328
9529
22646
26292
18567
12312
31290
24966
16888
26448
17972
5106
9700
3897
938
11063
9054
13871
29915
22697
32314
18756
26851
11268
20501
24882
9438
26624
23190
23444
26704
1318
20210
5205
4293
22241
11958
21352
8372
1752
10689
17081
11689
23163
7567
100
31139
30428
6590
8486
15291
5825
3530
14096
23559
26359
1052
12419
9918
31977
3651
9048
15005
7025
18049
22623
13961
14829
2697
11019
27253
406
21383
4459
3974
13581
20321
24668
19317
13879
7996
8190
822
7755
24387
1124
16599
7209
23459
24208
12458
3310
5850
6558
31142
709
1330
6207
29963
11776
8584
1641
2373
23655
16210
29517
11283
719
15841
18314
20456
1263
227
27552
16530
12144
21035
12967
13081
6211
4277
23873
3306
22839
20708
18637
9780
22731
21007
7901
2963
5440
27964
6378
748
9715
24875
11335
22424
26346
8087
12884
12740
685
32696
24820
32023
20055
31244
10049
8854
11244
20823
17022
6597
26349
19689
8012
5391
16170
26655
23329
19816
5592
6956
31223
12593
28899
8473
9281
31324
18566
24331
291
28624
21272
20677
226
22031
17193
7789
11162
21270
11213
16275
18479
18821
32568
20335
28549
28415
23435
30314
24564
8660
6638
3297
9462
16861
21471
23333
26403
4264
21193
6854
30816
23765
7641
7441
28755
31936
6669
15063
27930
23649
28814
29040
19516
8816
12095
20736
28639
12492
22422
8185
25660
1053
20395
22497
31057
14008
27022
24406
9429
10948
29918
9551
16497
8091
3735
420
30765
13939
9004
32465
32041
10814
22230
28919
20621
16079
18475
32291
15042
11069
24818
31699
17123
908
10550
17846
14958
25994
20633
29108
12608
27896
25067
1326
26048
13034
21755
3975
1370
23665
29357
19939
20783
31862
16205
15406
31498
19689
24355
14177
20118
796
10568
5376
31439
17257
23736
21479
4023
30747
11175
19015
1098
3980
4377
29932
22707
25994
9389
19393
10432
23551
24761
16277
17044
26321
3740
17695
5532
3848
19792
4416
3524
12591
26175
27273
12010
31484
25688
13309
1170
27699
8545
5400
14812
24263
15759
25360
28084
23106
13652
12122
5961
13928
2424
8048
3776
20759
11627
29138
3625
23410
12250
21578
16050
575
20864
28533
9754
30092
32319
19327
2153
5017
23663
29230
4575
15090
26230
29218
23850
2012
17048
10075
10716
242
19729
27899
22299
30480
2145
7245
30362
7280
26600
32007
3017
5907
10418
2764
19273
4707
11412
13301
28323
5142
2936
30097
28729
6229
20213
30890
17277
14622
3107
5323
23904
25831
20397
23486
8462
26756
4135
4762
1240
20554
6818
15358
881
25717
11646
6039
11614
17607
13696
15080
28328
26482
24868
10058
23764
32568
32309
305
8468
3281
21914
19634
21183
8077
31091
21314
22015
2362
14693
5825
4810
2376
12593
30135
6163
13099
9612
25821
32577
5121
9003
25055
9184
23413
5149
864
918
3043
16221
19006
23129
30141
26280
6168
20192
557
30348
28430
17239
4347
31938
24264
7767
28082
22717
17082
8213
8190
23171
13734
6106
7001
17340
24162
3507
4582
24328
31195
13417
28317
8598
18010
14259
15017
2803
13318
15019
29198
14111
32427
6783
2959
22246
5305
18793
14287
621
28560
21985
7094
6668
16634
29201
2582
10587
6649
3977
143
144
28356
25396
27568
30728
7180
25994
30302
4643
20867
8968
26746
28501
1439
28893
22718
18554
22171
23015
13800
25450
31936
22493
27419
13774
12770
11470
9090
10802
12845
28874
28982
15195
14882
10207
23394
23002
9692
29767
6053
20449
5528
14559
29367
5974
15220
16347
11344
22054
13943
14776
19013
29916
7890
10355
9972
882
10085
2809
16099
24678
30853
23774
420
22033
10237
15953
10748
8757
29266
22608
24900
7125
6476
20760
12814
27465
2993
25824
3596
2193
14932
30406
27438
29674
15950
11786
15371
23711
13452
29562
18306
10786
29322
25389
9121
7003
30813
1652
22469
28736
17399
27150
27139
20902
27047
25755
23495
27478
5599
8531
22971
27748
23610
17144
8939
25020
30653
13065
27430
7934
24670
28985
15527
10636
22978
30496
7413
23009
24395
1071
30983
10020
4434
26089
7340
20732
1969
4176
14634
23463
11653
6814
16165
4678
2610
29750
4035
891
7079
26074
18702
11318
9699
13086
12698
17612
7095
28701
1895
25674
1230
24426
13832
28168
1260
27722
14341
32129
26739
5408
10111
17505
23083
23080
16914
3808
9794
1128
25600
25167
11922
22756
16011
27120
29731
3090
19874
9739
23025
2445
20672
4414
1263
25613
19218
12309
32075
407
20184
16091
29940
22513
6157
29103
22362
19801
14922
31450
1653
4470
26088
19295
26888
655
2149
16852
11815
29435
19464
15217
27127
25305
15048
15207
28597
513
2155
7282
3321
3642
18411
178
2620
25005
4125
29623
5272
17817
21396
29403
29904
23881
28612
20436
14224
15683
14179
8585
10998
707
31765
14117
21840
32615
23367
16746
18728
19756
21083
9801
31358
24217
24070
12975
31060
24378
10487
7841
13680
30800
3514
6027
12125
19911
28635
17621
15027
18280
12366
31416
13720
31312
16654
3920
22919
18081
7173
1522
2384
32119
8492
1215
16480
8990
8179
18553
1859
8578
4067
2710
4455
32486
15490
3475
26659
27865
26743
17291
18167
17254
11246
17160
3350
15500
4670
32281
26657
1006
15049
28581
7222
28362
292
13054
3369
28719
28793
14777
27921
7531
1577
5054
13319
22211
1973
32155
17706
26728
28638
10526
25831
14246
14091
29730
25719
20573
31468
425
9896
26293
18781
26923
25057
8462
4749
28718
17248
15926
1631
535
22471
27615
24848
23104
23767
24912
27419
5194
24699
4698
12377
5813
20744
3726
12909
2989
25283
24749
6751
23591
28324
608
11655
24877
11865
14377
2477
16246
31118
27034
27758
8506
26732
18885
2529
16964
32607
25587
13947
585
18461
24729
26672
29048
31716
5767
21211
2898
8962
15459
9184
5052
19867
20054
8464
19027
18855
31749
11981
26623
31290
12995
366
6859
13320
6148
32229
29684
17192
2069
3486
31807
32280
27915
27051
25232
2562
506
8479
30905
13373
22119
24247
29328
1303
9727
12736
6980
28626
22665
24116
29937
17388
15897
30759
30321
17316
23430
20065
23414
953
23327
26701
15061
30837
30106
6930
22309
21482
26445
31231
23945
6524
17825
9772
1738
2719
18627
16734
20137
20706
23964
2092
13683
2349
5124
22368
16341
5190
15666
8352
10482
20634
20087
4686
31411
8507
23597
30380
94
26149
16618
3652
18283
18885
17657
27015
8851
1980
23050
1460
25385
4320
16168
12539
15533
12419
8428
31203
1695
5881
2544
11753
20625
27988
14215
11113
31872
22130
9899
2754
21348
314
27959
25270
18438
12322
13143
11279
23570
23028
24892
2184
23405
18387
21780
28906
25032
21625
13625
3702
24182
12482
12968
17283
2682
20846
20406
10088
1253
27170
32510
31132
2399
6577
11934
20508
29955
11162
5027
1293
3440
4818
18881
10147
15900
451
6984
29761
16364
17300
1363
6114
24322
15019
19522
17079
21207
10352
13419
19985
23689
8788
13069
31106
8054
22547
11141
831
26633
3893
3269
8137
21716
30683
25345
5325
5599
16056
12715
31560
13888
94
10658
27886
9196
443
4007
8397
27085
20963
26384
15150
20501
14608
13504
21692
22225
6374
28246
31976
16065
8700
27045
15243
5223
665
24677
21965
29022
29371
23591
23111
26605
16734
7823
14436
19676
18170
22973
26381
21382
24910
19724
24197
12336
23644
6655
27025
13465
27829
25976
4573
6866
7926
6443
11163
29264
24723
22867
17517
25408
1491
675
31109
15386
28956
17536
30986
32121
16241
11117
12990
22570
7737
12231
31711
20867
11842
7346
10827
502
6149
25427
27367
8678
13612
11840
22336
22712
29521
18740
3699
558
21513
12552
21835
24048
11809
24542
426
23916
5159
10656
13610
992
1068
15529
11011
3253
17609
6849
7472
19471
4960
7759
1229
32162
1956
24522
14788
30151
20572
3953
13736
26831
11620
5948
32225
15511
19188
6418
30986
6236
25124
7484
13207
9937
17072
1306
22459
15983
10745
5652
23689
25613
2893
12500
12377
23472
11624
2226
25197
15268
16699
28528
4052
13772
21996
2344
6031
2870
19997
31874
23027
24050
14961
29482
1870
21797
15692
32386
16845
18265
23515
13460
5789
24343
24661
6474
4689
28088
12672
10209
29828
24696
17270
4251
18111
3020
1449
32436
23197
16630
29221
31384
29484
25046
8725
15443
7575
26371
2953
585
32002
3098
19574
16423
3510
5718
9982
14873
9086
26977
4850
24638
10064
24170
2198
32345
22576
4472
26788
5065
4946
6398
9619
26555
26495
23471
4632
11678
30649
30867
30958
19927
28962
30043
25043
9910
6170
9970
10195
22953
12456
2132
17608
30896
17947
29603
30242
10257
5617
29048
7908
2125
8695
4727
2799
31826
11698
1830
30595
8178
11006
27135
1283
660
23029
28611
30200
31274
8210
29202
24409
8803
23190
2105
11786
23585
12331
8779
9634
24877
9672
23155
15473
16426
31444
28808
30914
21703
4238
9186
13149
4153
24748
24428
25424
9705
18242
27643
22255
28777
9190
7390
32282
8877
5650
10935
10686
6520
22730
12425
25758
24852
382
32529
18772
17222
9777
14938
31122
29057
11995
30092
6830
8026
22028
16644
31582
8508
7379
24234
18112
25437
13790
4223
26781
19696
11234
13686
1774
25501
18238
10373
13471
17198
30427
5627
16788
15755
16470
15124
19434
14056
31585
17355
30335
4669
23654
15087
26804
16886
4718
16505
31601
20716
31810
31261
14186
30613
14543
29215
2209
4471
5839
22632
19244
1763
10150
23001
5433
32479
31114
479
25167
28004
15591
23112
983
20938
22786
15701
31450
14720
13276
3600
7948
23296
12633
19167
14090
23810
11681
11866
26080
7664
30407
21082
4558
3995
2473
2386
10316
31532
5655
25059
25419
16733
3639
2218
29630
27369
17703
31837
13657
7488
24805
18454
20376
18304
9068
14318
26628
7073
20256
15310
18866
10223
10860
27778
9740
9406
26282
26383
21203
19033
28227
29255
10597
17211
24087
8858
27452
3714
11807
28719
20408
26272
19792
29492
7966
84
13507
14962
32480
13785
13844
28708
21279
29277
2312
16649
22894
29108
23666
14776
24793
10318
28247
3636
17190
26470
28496
32704
858
4477
13616
21748
13695
29447
231
6161
5029
4964
23462
3986
25639
4625
20292
9475
5423
25632
32225
11798
12668
1509
23753
19444
4707
29939
5786
21713
29460
1607
22698
31683
18719
27842
4003
10964
1591
989
22384
17238
10037
12952
8797
14454
13408
31411
23417
14356
5867
2081
2111
21970
26559
21690
11638
27755
7035
13360
31574
10567
12217
23620
1260
30284
15764
15673
1728
13814
5479
16009
180
1450
18390
13272
10031
31303
16403
7718
28539
2815
21338
3400
15212
7781
27070
13721
26691
28102
9256
3565
17617
12989
9117
2502
13024
21250
21951
17355
30670
32387
27287
11381
123
29622
22417
4364
7270
24109
3016
3794
29714
875
14724
18046
16047
12790
22785
25579
31478
9901
18547
19986
12117
23644
11590
4918
30028
31118
31402
25950
21527
20642
16719
15112
11917
9761
11373
26652
18504
12623
20488
17183
9734
2816
11378
10921
19791
32429
2833
32537
10072
29127
6242
25735
2856
21835
24382
24826
13049
21911
2397
10971
8417
15484
2328
15274
14001
14740
4211
31472
1310
1238
31066
5493
5662
3943
811
21682
13973
14003
2421
2697
817
11709
6144
25908
15506
4275
13
16252
9903
22214
21214
16683
30581
5689
25977
25539
6321
20151
16810
12144
16687
11753
10311
17468
10531
584
2231
898
24009
20528
4533
28069
30793
15670
16210
2049
15325
17852
2617
24354
24373
28867
7223
31028
1307
30208
11771
19643
10323
2609
29210
3973
32453
17841
12630
29148
6110
22858
31775
6656
14899
1355
5466
29652
17511
1755
31330
10455
5455
28557
11340
21590
16213
6965
7792
18400
2842
14329
28196
29691
3424
5291
18379
18709
21542
10582
7439
9405
28436
3606
4202
7955
22298
21549
14827
19581
31061
30036
10551
18332
26930
19791
18638
6015
32213
20932
1679
17942
24252
31821
25983
15081
17311
6860
23750
11785
27547
31231
10234
18247
3984
7764
27808
15781
21448
32510
22768
2826
31961
30536
8153
2106
27596
25129
30277
1284
9598
5145
30110
12478
26951
10020
1937
26350
6874
19773
16146
13386
876
7380
17056
10211
11801
2987
11210
17565
25475
3045
32754
9954
2236
32608
9809
12951
25958
30020
32571
23887
5400
26076
164
26815
10244
24741
31716
8563
14039
24741
28855
30143
28129
15102
4488
30967
21366
23491
23791
9954
19860
17674
28792
31597
10949
1091
30886
12957
12871
4552
25143
17607
32619
20149
12458
29443
11323
5369
7679
30686
3935
3501
26558
12367
4418
16805
27962
20717
23664
6213
791
31582
27971
14486
8202
18451
17598
153
18144
6194
17081
1756
20930
17364
27454
23114
695
30833
6964
29767
32106
23448
28730
4349
3630
17892
26582
25072
25151
10795
31183
20185
5450
31992
12759
14513
14384
12348
3181
29452
13576
5952
6914
26536
13411
18142
13147
6214
26579
17905
11830
29368
23982
8714
31024
11068
16911
15461
32742
4360
12574
25371
12379
4390
32401
2712
7834
23426
5747
15184
2972
24130
23332
1966
21355
2901
9378
7757
1672
7247
17670
19563
12938
18548
13906
1179
7689
8466
21865
15801
31674
2069
20063
15907
22747
29909
7667
10022
19154
31538
19546
21687
8209
18659
17727
25956
6204
3339
28935
32394
26510
32269
29529
8391
2425
29090
13022
8370
9868
15145
3653
6090
4506
17470
25227
25005
8217
5005
18041
31115
25032
13800
8046
19417
31637
15768
29534
20554
10685
19441
7195
32763
11573
22826
16339
31725
10313
11883
13018
30649
11907
17958
9898
15487
3022
1707
18985
22560
1755
2807
16170
19629
8900
28109
2357
21535
9199
19209
22923
3144
23606
27440
23653
7945
580
19787
27517
15046
6210
758
18895
28439
9652
4788
19617
16832
18589
21637
5569
4068
25066
31931
17166
3957
24845
18697
14137
1263
29417
989
24525
326
6126
20975
7277
15388
25989
32282
11101
24120
30382
14188
16197
20532
20455
30073
8753
24949
14929
30452
2523
23393
23054
3712
301
21707
1005
12739
2818
22962
5705
32444
25133
15148
22830
11095
31420
7069
10686
4927
10366
2860
29907
22516
3778
18552
17638
18205
15714
31110
26416
31519
7936
28927
27662
27118
7312
21400
1706
22052
6678
12753
4056
22096
12465
27106
12350
26256
18905
26098
30136
14434
32741
2699
22523
13495
26576
26955
28792
25673
10300
3036
27011
12847
439
27430
26804
15534
11326
26306
30861
10323
11775
20658
13662
10558
3939
24912
16742
14017
4172
10117
17467
7466
17052
18747
31084
25052
11766
10261
4708
11685
24776
15965
28561
12619
4745
18494
29894
14440
15167
3379
31966
24184
17477
23999
12451
6705
13899
6495
17646
4883
2206
20669
25615
30015
30122
22566
18030
14220
30909
24126
15987
2008
22797
23282
15268
20892
26109
27311
2317
4803
18588
27089
19173
29373
3694
25695
32622
20431
20848
11765
1821
13997
8534
13825
30715
30794
4631
27698
16459
20975
5035
18734
23661
23435
30483
20356
9218
12362
17563
6369
29265
1384
18268
17286
11754
9032
29188
21497
29576
29888
218
24315
26684
8375
31996
4027
30408
25075
1259
24137
31817
4396
32330
2637
10266
5477
5347
11769
4852
11900
10987
32060
20826
19967
7815
1337
1332
29249
2191
32759
12986
14253
22673
4186
23699
5211
29209
31314
11070
29153
12079
11090
9138
6508
27682
9988
12609
9743
132
11323
1730
29018
18806
9769
6895
11823
10534
15826
17420
9681
8085
8128
14026
19262
24734
18936
27754
6335
2868
30254
13349
27581
26091
29749
29644
21206
17593
2233
23468
560
31742
9264
4532
25101
1219
1550
6106
27552
13887
8248
29114
18464
14496
20156
19840
26138
5384
14271
13321
30987
1749
26551
1093
5934
29221
32218
15840
27027
9113
31957
24353
8817
15706
5058
23058
11709
30042
29524
25825
20475
2269
853
10630
10069
2359
3155
6310
17130
26071
10646
25527
17512
22404
5973
25190
16349
4327
12585
26421
19914
22602
13505
18281
890
28319
7384
6691
17809
26564
10340
29389
10472
22533
25104
6839
21912
31459
15341
3586
8277
14099
4964
16318
19966
9162
12656
26959
13681
29496
6922
26901
13220
26194
17892
29772
9714
11733
1369
8240
24242
23688
17316
1637
18446
20161
23377
2199
10515
11050
9458
30558
16644
24773
3347
8292
11508
17966
18032
1993
19347
15905
27749
20678
4937
1339
10661
6545
3713
3333
14127
20097
29256
2094
18302
14451
790
3096
12800
19052
15339
27543
29386
29312
27550
12021
21130
29170
15474
19769
19133
156
23019
2728
31266
16273
10464
8333
15726
16130
17872
4662
16449
7006
15738
21311
6745
30141
13223
8979
19718
19327
27723
16815
13533
28976
27340
25001
17329
13487
7074
31601
5823
27280
15392
26072
15657
27326
29841
22478
17062
16485
22663
14192
21111
4367
16752
23106
1693
32525
14186
6840
14153
2840
23641
26364
24212
14648
3382
11499
25712
31973
11690
18272
26334
12396
20955
20662
21090
7061
14982
32392
24244
19843
22350
27323
17337
19931
17235
28095
15025
26921
28679
28177
8114
7295
29245
18693
18261
25695
9603
14530
23727
29402
6578
23438
23427
4346
32451
16460
31413
12126
740
7234
6914
27172
22219
3616
3567
1036
19531
4670
18687
7385
17189
3110
22825
9979
22560
2386
10889
24684
2652
8503
30806
21208
19171
5762
30996
7936
10881
7585
6923
5984
6614
27781
25847
28175
28585
30630
20225
31208
10623
72
10222
22247
6764
22525
23191
26069
31786
32108
10137
28456
5736
30288
10061
27941
28772
2756
10235
16711
16572
17853
15434
22756
3970
24280
3579
1294
16014
29014
18647
2488
27672
9316
12774
10265
25478
10400
16098
10326
4226
11994
16875
9819
10320
15383
32124
9737
32094
32476
13470
12951
12573
2473
2908
3378
14352
5827
19318
12007
25635
14646
24922
8643
26941
7963
9551
30009
4120
18711
17652
20931
2897
23332
24809
28620
8891
27284
13004
30158
10489
27987
20327
440
28492
11884
22823
24978
11177
27598
14032
16227
1295
337
8816
17491
14871
17652
9362
30477
5581
30824
20403
22887
9918
29651
20474
2373
27730
28110
8995
26810
28252
1199
3261
4465
29424
27918
6805
5964
18037
27010
19826
24138
18938
28588
14850
1966
15310
7799
13845
14942
28234
27037
26121
19081
24818
7790
16005
1164
28605
9677
20075
7959
3248
10107
25863
6283
14257
29336
26765
935
10395
20326
28866
1892
24462
7761
31225
5661
3977
26668
17473
8179
5946
17342
13021
17520
31764
13437
16372
18283
7075
26265
22666
19755
1820
27708
13487
8655
15673
24593
32758
4076
13891
4355
26153
2681
30320
6983
22587
11752
6768
4764
7550
23702
4675
8657
1302
31333
32333
17288
19374
2983
25260
30779
2410
15167
9417
7548
15388
3074
1837
19073
16826
14692
6039
21983
22288
2896
17227
26774
28338
8535
1452
16974
29749
30989
25869
4832
20382
13232
12741
3352
15643
24331
15233
5818
19697
17818
28895
14786
8118
2543
7480
15088
12992
4436
14524
31108
20701
434
32453
31815
31556
22194
15973
20426
24268
21025
6465
6642
10588
19353
9379
1716
21411
9054
8394
29214
13065
23686
14981
29591
26597
8797
2816
11879
31728
15623
18909
2938
17658
14695
25990
16480
24539
18496
30146
18329
22445
6298
15495
11792
19768
12648
10512
23013
12974
3687
4398
11887
28569
1097
5347
12674
273
12307
24621
5613
27186
30148
16160
20295
2253
21047
14391
4844
8798
1098
8428
27202
15678
20800
24710
14913
6682
26724
21811
25650
24996
10735
3926
25526
23176
21804
22306
3595
15266
25050
12392
22155
28270
2258
20653
15477
21952
16362
15232
17904
27829
11544
30987
11341
20969
21723
6887
7565
4842
2006
821
14115
19437
21438
8682
7675
28608
31607
7274
22458
19456
14970
4953
18760
7564
22394
31405
32396
18745
19015
14344
8054
3272
30962
31558
13891
15381
20530
1361
11004
24208
15110
20797
6208
16625
15772
21393
23876
20264
14194
17378
4376
19091
4283
9383
15148
12404
22276
32072
29970
25762
3351
31352
22917
29823
12832
26821
25771
1577
17422
15725
10647
18421
16700
8564
274
29721
27985
13043
5531
15528
23909
28851
28844
13252
3941
1018
27967
1039
4280
23717
13201
3426
30754
21367
8742
14786
14057
18097
18445
7823
1335
25827
21605
15871
28096
6657
7968
31947
15524
21177
12039
8232
21911
2564
24830
26617
13631
21756
5258
6467
8669
24813
400
3297
20272
6062
7008
5753
31127
24114
9457
22446
15477
8538
23150
21399
10201
9485
21490
22128
22879
18827
1425
1424
7249
15102
151
11163
21778
16211
23060
5369
15293
5703
23192
4231
10761
8133
23355
26764
112
15471
29664
26606
26256
7291
24251
16294
27345
28864
13585
24689
17736
12816
26943
7368
16859
29385
8702
10003
5542
28327
23269
16410
9118
19676
28208
10684
29812
18531
27583
12771
26045
12945
24930
27063
21583
1005
30803
23826
17902
28481
3076
24116
22056
10993
7707
14777
27261
25740
19387
26312
29123
4769
10246
1932
13001
6356
8160
19944
28219
29232
19189
6246
22469
21951
19965
23409
10875
2392
12863
10949
23673
22201
22099
30499
13766
22230
23597
21577
20095
1904
14423
23329
14385
24296
18046
31801
22150
21078
1840
22131
11044
470
27364
26110
6354
32546
20027
8068
25052
25190
2949
19365
26041
8527
17799
13989
25068
23653
20348
2145
14888
5788
22105
22664
2999
2853
12117
21255
4125
5514
28585
197
4856
24570
12692
2193
32554
19426
10915
31833
18234
18621
30511
1692
11512
3372
16167
3105
11360
26185
6160
5610
3521
4408
18505
5988
25375
21248
20372
25824
29909
17049
22738
28230
24958
31047
30990
4616
29974
7462
24509
7254
31581
31237
23620
18065
4476
7287
23739
19201
15083
9000
18929
24778
15762
14958
25776
13340
2351
30240
2114
11947
11767
32171
30259
9311
9856
15970
3929
14412
30942
6166
7698
3556
29453
14311
5581
6763
1679
5465
27596
10924
1877
17835
27944
28907
20963
6500
13845
12058
7344
14382
11879
20816
30923
12007
12117
3190
17860
9206
13949
21828
7370
9691
18985
17260
30481
18442
29393
13588
4983
506
28129
18058
24422
1145
32187
29235
26364
31042
31488
27845
4201
24785
2828
4534
9881
630
8127
29685
30484
8873
9347
26327
1826
29597
31882
4948
9266
29720
13912
28019
21372
12417
6274
7683
25830
6715
27573
13452
11556
26929
9721
13701
11044
15282
23351
22727
7337
26752
5881
3138
17974
14115
882
3823
29229
29315
446
14341
27448
2486
5995
15984
30184
13079
21815
5247
3484
17816
6939
11229
26789
15449
23945
13762
1959
6265
20467
13162
21570
5420
6284
27335
4850
25101
29010
4979
11316
22454
23116
20456
4331
23182
16656
18163
15873
24547
16777
29030
9041
18745
25591
28686
29125
2529
31799
32228
5307
19149
3653
21127
23214
162
23551
2282
4370
10255
44
24138
6015
7262
15036
23908
11794
15432
21073
18916
785
20750
12031
24608
17357
27589
4688
15622
13517
11505
4236
595
5416
10838
12087
2823
20787
26379
19674
17429
18524
4560
13831
32094
10838
32161
2967
18144
12151
2188
24118
11819
12382
25791
8994
28693
24792
30693
26159
29359
12805
17587
23823
7032
8118
4797
16336
21968
27930
18575
2726
23983
5274
11257
3307
8854
28417
31914
26980
22214
21984
7424
27590
32433
17713
15647
22392
5294
16442
15425
5019
5360
32180
13389
22600
1465
7981
25514
16664
20427
30635
26965
26858
31520
9618
1841
29408
9178
967
24223
9387
15229
13846
23375
30217
27228
21713
16470
14731
9553
31674
2944
17052
19377
16419
8935
11455
24959
21076
196
10264
14816
20013
20870
28462
9679
32525
14369
18927
31506
6898
11433
16885
1901
14561
10527
27655
17429
1672
6283
27363
23911
290
15434
3898
25306
13723
31658
14589
13107
19444
20916
24023
30968
25066
19785
22779
19238
30930
22385
26655
17958
31432
13295
31176
12542
6920
28697
12489
709
5532
13286
16646
23641
4664
10569
2430
19028
11874
28093
3977
25403
29397
16929
16221
5625
14376
27847
5591
15500
16043
456
6009
18175
32146
1434
14511
4760
27989
7652
6998
16722
20822
17552
17790
9613
17605
12578
13679
5637
3776
27721
30443
15873
447
16820
7603
15821
27184
1063
18765
12137
20574
22478
5635
25475
4503
30417
7983
27299
5262
9256
30390
16038
7422
16561
13779
8301
656
13952
2838
32214
20223
11894
27052
29675
1914
17429
15840
16730
9546
11154
19170
15654
436
32300
5575
9627
14625
8381
466
23431
18812
30863
498
23975
28636
25200
907
6240
2403
8201
30329
23983
31590
12139
5715
6499
26317
16619
22764
5514
10941
16176
9760
25385
31349
7562
15565
15152
2678
24709
26911
27564
6375
5311
28689
9535
21815
10230
21552
15565
27396
22629
22434
13689
13372
11857
24424
9936
22146
13279
7136
21315
20435
24360
6798
731
13929
25231
9499
30248
12255
22355
4510
1403
25495
30304
26651
16469
27737
21355
329
8478
3388
20029
665
10522
11722
11855
23411
30874
24927
7320
10179
14191
32210
28579
7092
24996
1367
32228
23739
19565
26532
27212
27608
30554
24147
7963
1305
32208
26760
27382
6239
15546
10707
29753
16228
124
12376
30350
21757
20264
26157
32447
4509
8949
12803
6344
20763
10477
2825
9265
26037
22501
1037
17050
7252
29618
4580
5272
22034
20634
4365
14527
23289
27401
20113
16640
18957
10117
6189
4662
19085
20196
6067
25083
25207
6845
32174
18112
5706
26140
16197
3613
13839
22138
27490
19813
31642
4332
23315
24702
24078
20378
16688
19183
16031
27507
23870
12091
21148
11807
21907
20590
28332
53
31931
20981
5976
18351
1563
10674
31433
2715
28116
30800
14291
10771
6122
15316
5683
18798
27302
4213
5141
13752
26680
29614
27866
24928
2977
15761
32023
18481
27856
17502
10209
20355
28683
24148
8520
30387
1169
13767
16929
27600
13950
9075
18697
22679
6126
784
11430
31650
17765
13863
25392
25052
2415
18723
17200
21560
25475
28331
24968
19875
30253
17711
4276
3383
8301
6849
25935
6321
18010
8999
25561
17189
3338
21550
15287
3056
3510
23617
13179
27119
17434
26425
10854
22254
15387
9591
21291
12131
17068
18736
3062
14941
7666
28169
30637
28087
4262
7908
15478
17041
11452
28153
2937
11776
14658
21288
21991
4613
12170
17549
21307
15036
5003
15702
15552
15318
11141
9937
25171
16969
23268
22473
31850
11846
9319
7699
24405
2412
6017
1636
29636
11579
11520
22118
6282
11723
22252
27914
20896
23742
18354
32031
26733
30835
13441
22052
24900
23420
5877
12122
27183
16467
12787
10526
9963
27976
24020
30838
32307
23742
24517
28906
19522
13719
20589
24725
7827
10221
21969
29307
23787
515
13429
2845
921
4475
31684
21323
21244
9417
20914
25914
6215
16615
8608
20438
29569
24394
12928
25689
16080
18454
26681
541
31478
23694
13389
21678
25884
26062
31161
14372
6607
15292
26653
14256
26952
22588
4636
23156
16624
10915
17158
12952
20003
16239
22452
25242
15924
4149
7860
3301
16306
4058
935
24998
10474
18182
2534
16091
26541
5334
23148
5804
7764
26577
26864
4095
4608
798
29777
5447
20007
9204
26167
17820
8524
6993
22008
31761
22285
12271
12984
24898
21347
23668
22741
15148
29478
15848
5762
28482
21967
18029
25521
27325
29826
2090
20791
25907
10828
11401
29482
12651
4521
27554
19086
4208
23369
6135
29233
15076
531
4705
4820
5271
107
14922
25227
15960
27312
11805
13159
31243
4873
28667
21841
5372
6754
17072
20281
19571
4785
21221
13169
24713
5758
150
4947
18745
31138
23751
22058
16826
30543
12147
30544
7692
336
6598
28563
7890
5266
10380
19933
14175
14052
27368
17173
31251
507
24905
9536
7912
24505
22682
11756
22600
23471
1465
30670
27170
11744
29995
32682
14140
25287
8974
11379
14539
17564
20302
8884
5185
27092
25116
26414
17254
3303
29852
5314
682
4437
20958
10642
31161
23019
1040
12132
21073
21570
16882
17223
12624
23946
20618
16504
17938
25733
11544
4742
25593
27862
4940
29365
23117
22396
13239
5280
32327
5274
11904
1571
7016
8825
9816
18040
15887
32207
32687
22688
3147
26434
8232
21765
8430
8744
16971
15965
7395
4241
12667
7633
25281
20615
551
10847
12447
16020
6724
32637
3115
389
7674
9983
13558
878
5277
31290
4370
31726
23008
7786
18399
28596
12101
8273
32546
18754
472
29473
28247
28401
14365
22172
15433
31286
7239
26746
23263
29731
13994
25867
21817
15153
11379
23325
17403
30268
30359
22304
23529
14543
1289
18824
19125
15522
8752
11379
22036
21601
10904
11404
28951
31663
27880
22831
15289
10347
17940
8142
8373
16690
19923
5779
1434
23845
10068
23110
16672
12524
18988
882
19389
19707
22420
30403
24180
4371
20433
5299
29678
30988
15347
3173
24523
9939
8130
21969
28730
19887
18422
5922
19911
25288
18598
31068
3445
14057
16387
12354
10509
23941
12614
14711
20917
1272
3047
5859
20676
9232
13072
2136
27349
8396
6481
2166
31003
21603
17557
4300
11508
4232
20053
26943
12736
2541
13323
1712
8435
19462
3050
15577
31849
6671
29132
18296
8954
24912
16492
28336
29519
8352
27349
19116
4339
26920
2586
27269
32685
23657
29512
25190
2318
19329
27033
1262
8262
23465
16618
19413
14396
21507
1135
13267
16349
30867
30118
4029
14515
5770
30601
5874
7098
9675
14856
13045
112
9128
14774
20571
14892
2796
26563
14056
24496
3359
3626
11509
28929
28933
17451
27156
3959
14952
1788
7415
31760
32535
19132
2190
20489
3375
6056
31856
9136
18073
1937
11388
6004
21972
14222
11200
29502
8181
494
3738
20484
6124
5232
30748
32667
22280
14007
5813
9932
7870
21752
21518
15787
10150
8950
15411
27172
25030
27440
24563
26839
2579
24152
13961
30758
14645
30472
17020
31115
20363
17841
32195
15663
25199
14548
20781
11193
3771
13684
6912
16996
21643
5067
2272
5461
24645
21564
18675
19499
25815
8329
22083
19671
27456
27974
25700
2222
15186
20365
11862
8124
16822
23284
11436
20060
5936
7100
30446
22790
3364
331
21565
27239
25434
19676
16181
6071
2814
22646
24856
32583
6891
18970
18472
13657
22825
1857
23892
29493
32179
31878
23831
15481
4734
3487
22430
28337
5304
16785
31785
28455
15181
32548
13235
27389
1712
28053
20181
23928
32216
19852
19176
20639
15497
24141
29290
3077
14036
9010
23714
9699
21985
7513
4231
10857
20972
19866
20191
19798
28046
4796
18340
22983
30270
14312
16043
21580
11799
18269
25480
833
732
30054
24748
20828
13881
14217
26064
16002
23371
23554
12695
21215
19811
13680
24174
18485
1031
11981
30391
23924
26682
23459
5160
2188
3838
22653
3693
31359
32022
3996
32021
10682
22544
13804
4267
22181
10371
5175
1827
15993
4502
28823
16249
28754
8641
11313
12436
30853
8408
26912
18288
22067
32581
19632
28796
28446
19092
12749
20545
30140
19254
24507
28485
30090
12158
6407
23855
31139
26608
5821
3883
401
6331
17371
32144
14435
17540
19718
17601
8703
5221
22652
19793
12986
24886
31306
16234
1318
25099
14527
17775
8747
9213
13600
25056
3930
12078
19613
23678
6013
32007
17796
2736
371
9156
23733
30502
10555
23347
18262
11452
12110
16056
31943
10401
12850
28821
23768
14264
17996
616
1594
17214
8182
18165
28980
20654
9169
28966
8855
14561
20828
9296
2804
23162
15302
22968
26124
19329
1281
16214
11912
20046
3864
29657
31211
3497
22466
17387
20676
25647
12855
19637
22312
13048
21314
10150
22879
2934
25496
880
4318
12448
3176
20052
13685
13136
12851
21920
11978
11754
20958
32374
31238
25407
13318
31694
6094
17585
27283
9662
5749
9111
19600
22010
3184
4579
25658
28055
5898
13826
854
26644
12633
5635
29128
8090
30576
7676
27234
9859
10710
26025
23034
23066
1335
31063
5311
4769
16986
10752
30157
5273
21075
10424
7422
10045
11002
28999
16131
29776
14235
18456
15284
5400
16879
20306
28325
28843
26443
30532
28154
20329
28184
19974
11132
18378
3971
29277
11244
26714
2421
11744
18583
17153
3270
31321
12074
15752
23470
30318
5064
19289
11388
3457
18778
29830
9354
22228
13350
19981
32624
28657
19108
18267
13944
22089
6284
28942
15442
1051
30772
8447
8457
21655
30233
6016
12854
29508
4795
2530
27508
23199
22191
13883
19219
9733
27887
25701
24337
15058
14196
30794
7749
3275
4615
31071
25054
441
14164
13167
4876
14423
31808
21658
24829
13934
21884
11421
4875
16959
23386
29012
19252
27425
16352
11389
19658
1387
27420
14014
7019
7572
12726
25578
1588
9881
22988
17536
29490
26527
25081
8308
32537
27866
16055
3890
17721
32685
488
20705
25517
27155
8367
19684
4054
2365
19332
22951
20232
29565
3208
12696
10114
13666
8213
14707
23972
27173
15258
31683
4444
13123
13990
32166
20450
21356
19010
20688
28069
28828
23172
1746
15493
16776
32353
27036
29250
10811
14787
7489
21300
3073
7643
3835
30013
19588
17337
21871
12029
22581
21786
26162
1860
9197
6017
17547
14541
29140
11657
3451
7721
23939
633
1274
6649
29541
5145
2180
20320
22371
3780
2772
16056
16064
28607
31984
6788
16705
8649
18533
26790
17810
18419
16084
17363
3301
10930
8877
20803
8668
31539
11579
16045
11945
24814
13793
23666
32372
1406
24227
10265
11772
4784
27111
23291
20354
22234
7549
20799
1507
878
22238
23817
23300
14798
13489
23023
21874
23138
31124
5293
4426
18921
3096
23321
24663
8460
14349
18521
13691
31289
5377
8531
24400
20910
13827
21861
22030
11220
1709
30550
8368
30159
31073
17037
5458
21587
27346
129
30942
21689
24262
25201
16871
13394
31259
9045
725
12795
24072
1556
16195
7665
18598
1015
12453
7143
7855
16222
15918
19286
17029
3762
11249
18965
23670
13210
17734
17705
30782
4722
1647
3038
7117
32249
2427
22807
15179
27465
14955
18146
11866
8717
5780
8271
2715
15598
31556
1411
1907
3662
18344
5640
20239
15673
21997
5479
24741
11928
4006
15865
26621
3752
8558
13818
11825
3755
4558
23263
1969
10974
16225
22249
25481
3242
2613
13563
24551
23838
11381
26281
2007
7069
1605
28817
7762
19668
24814
12526
6775
5615
27963
29802
14616
6157
291
19764
18296
8177
22695
24659
2899
32250
24062
7482
27679
6741
15600
5020
16786
6513
17792
23425
27492
9395
25037
17306
5718
11116
9018
14801
21107
12296
10957
8741
24214
30088
28885
4021
19756
8498
12240
5146
26171
9350
30347
6394
27300
885
9611
30682
7333
19150
23468
17460
12705
19193
5640
31690
4388
27367
1818
4409
1314
10057
26916
1233
16255
4608
20429
32676
22740
26069
15631
9437
11377
619
32080
3412
13726
25713
3791
8543
21031
28188
6210
17642
3607
5077
12990
2506
23747
16687
2774
23630
25354
2587
7431
24087
14044
31839
4436
25386
14329
9540
31277
17732
26107
8079
31381
366
22423
15795
6020
21456
14112
9285
14474
17866
26700
26800
7094
25153
15163
2090
16566
1079
20661
19175
3903
29599
5044
26508
15536
17519
27682
31462
13554
11254
3811
10204
2722
16496
3862
29602
12914
22232
5272
12848
3532
29437
23498
5875
2233
32216
25237
15810
20226
13853
26283
16403
23701
3856
6415
10863
27945
29082
10967
26147
3877
5020
5937
27449
23998
22915
20132
20134
9824
30237
10136
197
32080
15531
14361
20484
1423
22839
31960
990
28673
25383
29042
9225
30158
32275
32245
16368
21001
31956
23969
19043
32400
15069
25323
23949
14387
8143
15560
31527
3608
327
8487
7404
93
22266
191
10573
29184
29957
10252
8293
29180
16510
29076
5423
8117
4687
28015
18167
11926
15428
8710
28430
19705
25698
18971
5826
29255
10875
13322
2445
22624
19455
9806
14221
9277
14869
27974
7220
468
21994
30265
32065
14139
18249
7065
5615
29457
8557
1668
620
23066
18963
18832
32652
6185
22227
6344
21183
30787
21679
17138
28225
18433
11757
20500
9616
2614
8738
26934
1571
15570
1168
28008
10329
13830
13489
22535
3248
23721
1300
23613
22839
16347
1128
22983
2886
20968
23767
3835
29036
19055
15765
11273
425
29635
696
11137
24541
26513
3914
5141
10369
32451
3484
1953
21397
30885
2526
17256
17369
7494
6893
30112
22080
24354
3436
3122
1442
16381
17686
24763
30385
32018
18514
26070
46
18029
10760
14749
861
1430
17844
16749
10422
30575
441
13034
21725
7519
3063
11843
27092
18864
17567
19896
10352
19254
19270
20057
17929
31794
25145
13840
2678
14453
7185
6881
2616
32457
1927
28529
20726
16780
19849
30917
4138
10910
30093
20813
9753
22142
17445
7457
4360
19119
26579
21386
8877
11105
26655
16836
2020
29773
2792
11010
30883
14561
9208
10675
9264
12189
731
13828
11665
3261
29424
30118
19525
28696
448
14545
25905
27208
32655
18569
12253
23819
28209
27168
15328
15081
21023
15356
27289
27159
6602
20378
12576
20124
3887
9427
13948
16306
1964
27230
8727
27759
17938
10135
11887
29604
17147
13182
21517
13062
20318
7427
8379
4491
17760
26753
3826
18711
15213
18056
29074
29528
28040
10207
18389
24046
20703
21193
3462
27088
1443
23944
23406
31211
6934
12832
27664
13580
23014
32605
22678
7935
2233
15127
8714
19705
24329
6581
23241
14643
6706
7920
1077
31192
26825
11226
29867
24353
8240
11806
22965
15550
28775
21641
10880
25209
2597
27849
7824
2070
27432
20085
31922
12413
17609
30542
22066
18459
12499
15557
591
645
10389
14013
28140
15198
29238
18321
5000
24188
30793
25945
12144
6982
16289
2153
1075
26464
28519
25371
17239
5259
8041
18127
28234
32198
24757
23087
17307
4025
13415
1208
3178
12372
25791
13174
24094
18868
29815
23310
9302
31814
6227
23298
1825
15406
28409
9777
369
24042
27395
21661
15309
22066
9043
625
32583
12579
32166
8259
21678
1181
26476
6294
9220
25066
4312
28323
26674
2720
24115
14937
19195
27848
885
9634
15663
10815
32278
20200
24353
12125
24866
13528
19802
7381
10124
3941
9615
2268
196
14864
22481
23438
19339
4967
6148
19085
13063
30156
914
14315
8722
11640
20321
30794
216
4032
4610
17473
28833
6038
32299
22786
31211
11090
8551
3130
24764
28595
31500
22329
4918
19488
32621
7507
26220
1076
23378
12678
5492
2682
2981
24413
14014
28789
7534
31507
7075
6116
10754
15612
20033
2371
25462
27681
8583
5013
17754
7210
1932
6497
15780
642
8741
12027
25067
9909
16822
28164
1238
29213
17992
8756
16339
25277
5852
13143
17676
25965
8959
28822
3479
6968
8863
8440
14316
3586
2077
32041
10909
6253
22691
30329
20289
1278
24248
28455
31153
10364
27410
18400
20344
31641
6059
26243
17284
30677
16663
6695
31266
15262
10772
95
10537
14780
32099
20413
18548
30700
8662
11156
9878
8395
5291
25858
13770
27894
15896
19758
9513
10096
29735
31951
6688
20804
8132
13550
7712
10347
14356
15596
5271
5615
2057
25030
19744
18257
29236
31384
1526
30505
9946
5728
29359
10508
73
14085
6951
23730
31084
15768
9914
31832
29342
27609
26550
2660
14524
7933
15119
21064
638
10158
4181
8360
22535
25428
11748
18111
6330
31379
1371
27903
4944
26900
11343
30967
25639
12937
19776
2682
3549
26859
9419
21502
30
26630
24354
21058
186
27192
27066
10036
11003
23158
3395
7185
31029
1935
25565
3790
3230
7349
32649
20151
10080
825
21725
11350
3309
4502
15869
16534
15507
11185
10694
12072
14928
14431
19276
26662
23015
4136
23943
11510
16435
18763
20297
23666
3772
1281
27507
19013
28040
8710
20841
9624
26420
30806
20931
13039
19267
564
838
23885
2741
5745
9234
25247
17115
6123
6940
8023
27243
15956
11743
15704
21712
23605
15951
18962
32707
17970
9487
30702
24351
16271
31715
3820
6897
4083
27752
20618
29647
9836
22275
21225
16748
28084
26135
5931
16233
13747
24955
24351
7277
22084
22059
1568
32631
28476
26173
24890
30579
27049
21783
27279
2316
7767
9184
15353
20162
17817
21044
7409
24380
5189
5916
10160
28127
10753
9789
18835
22943
13501
21839
8900
7701
28033
13777
2327
23250
21097
30459
12850
25844
16878
9205
18673
5879
23398
4678
29193
21197
18638
5263
1003
27184
21960
17785
30187
24887
30688
32492
19105
16167
11283
20866
31119
24972
19858
4155
7173
1417
18883
17522
24898
31597
21897
7695
3548
14470
1989
13311
2658
15162
32029
10465
17727
30035
26876
2050
27617
12443
14297
28300
16155
8617
9917
21754
1736
7418
29695
3279
26802
8772
3410
18056
9906
12806
24323
13263
2072
8548
10363
6641
29260
24626
31243
26770
29878
25935
16361
10400
19420
13620
32373
22405
8138
14028
9153
673
439
19079
4689
14071
27877
22442
18719
6438
20169
17385
19682
14748
23148
2359
13968
30982
11025
24029
2850
4362
31256
8905
16535
5433
27682
3113
5179
63
14710
14393
5673
8541
13732
10329
3599
32282
31336
20579
7473
31797
14800
12347
16817
26589
31649
11176
7949
10788
18936
5218
12265
17330
4397
6764
17679
24502
14076
5795
30132
4899
11495
25496
25853
7192
470
14491
193
13727
14081
15128
7569
21403
23567
14887
5109
23292
13951
18526
17145
10805
30792
10217
7144
1520
18876
15581
7000
15872
10930
31178
21350
7831
28388
31376
27459
441
22934
16755
14320
5360
7289
19057
21061
10050
15822
26834
20024
4960
10702
8962
30556
6688
29514
156
13992
16685
1935
32455
1402
2557
22924
7877
4571
5380
18487
17097
30725
1320
17452
19721
13603
14196
30871
13589
14167
8976
31573
1895
12033
30065
18518
827
1343
16077
3142
19105
7088
17106
620
22736
14718
16791
27090
12989
18843
19667
21926
1516
20042
32077
23776
10630
11746
7315
27941
13741
15566
5871
17643
9484
10457
18839
22751
13490
10665
292
10371
30240
6792
15429
17948
18336
24939
1717
5579
9945
18220
106
2042
4513
9499
25872
21241
26898
2997
10165
28649
2784
18099
30406
24282
5353
25159
15418
30256
1806
5538
28173
16715
14146
14009
17136
12903
19424
6985
7999
11200
12354
2840
20019
9210
14223
10111
23385
27073
25044
27685
8258
19117
30551
11533
23164
8552
28200
13779
24002
3858
19960
28210
13936
25572
1582
10186
20538
31508
27192
31008
29980
3577
18463
18919
14484
17008
19807
29822
8976
30846
11765
8377
12706
6967
16825
15332
32251
30942
3054
12805
8855
26189
24856
19554
12085
12695
7949
22851
16778
10221
11087
249
5686
12990
11161
27679
9719
20514
11448
7968
8989
27257
11164
12026
27454
21327
13487
13121
16682
25988
3430
6502
25377
4777
7189
15673
20804
24492
519
27309
22602
5304
7118
11483
13428
9303
23512
3658
24771
3546
13123
11886
26216
16122
31986
20590
16508
14527
7905
18219
10225
31649
21941
25213
23497
32494
24216
16831
14725
14187
29507
12175
14817
28990
19548
27343
9662
267
7683
239
5984
4190
17064
7535
7129
2377
2079
29343
2245
25934
21238
8106
23096
25470
3078
14290
11509
27107
3144
20221
10465
5660
31466
12145
28599
16711
20898
7388
25596
31524
31555
18583
23606
16502
16526
23339
5721
28845
30538
14101
32642
18115
10135
22726
9191
22884
7039
30702
23310
26193
3278
19962
1086
27910
25891
9691
26420
23707
17480
6410
3350
22760
16575
7625
9645
23276
5789
19115
19662
12400
14492
29526
17433
7911
30571
648
29927
11673
13128
13656
20093
23296
19409
7103
21638
16754
16919
598
29120
28417
16629
10593
25333
29856
32672
27917
20013
28807
12926
17142
23074
6104
32316
12524
23028
898
8475
8439
24862
17509
18058
13976
21417
696
14586
2386
18079
11432
26094
26729
17603
30786
26705
3050
19327
15507
3341
22251
5150
26126
1497
3860
32059
2606
15954
11615
10361
24156
1870
11291
8309
5650
3181
30263
6905
27713
18417
23485
11123
23536
26831
12189
31141
19494
24325
29356
20637
13067
559
12268
6632
29770
1621
28174
6403
32441
13064
23093
31506
27964
4269
4093
3796
12007
24
8892
14551
31330
28765
19464
30696
4242
9954
25465
3534
4725
19897
943
8248
28238
15405
151
26099
10243
11675
4843
13408
195
23172
23800
294
16875
10207
11428
11300
12075
24756
7855
9642
25573
11750
1849
17640
8149
16465
17285
25254
18167
24852
22780
3126
6309
23600
1397
25255
25088
31059
9395
31292
12178
30446
3887
19996
16946
15245
22040
7243
19239
12648
153
15833
13200
53
11866
20314
29443
6465
17225
15766
14708
18879
154
2689
28760
18272
12044
24173
22283
27428
15983
14718
15983
3695
32355
22878
10199
15967
21602
10035
19235
14685
4865
16846
18476
27378
22130
30757
1890
23004
2638
18436
3507
15458
31889
13567
18351
9956
8679
2987
4074
2230
28454
25870
29858
27439
27675
32339
162
9980
25481
14530
2918
954
21615
22000
21632
30149
2186
17459
28219
28234
29723
3929
15229
29092
17130
18842
1266
26597
13963
202
26982
23474
14816
5076
11635
6997
19935
31843
11869
28685
13205
24802
31802
24488
30571
679
24406
11348
16809
23659
19669
1715
4152
1278
3738
9773
15788
10808
8808
15242
31106
14387
5191
29120
5541
183
22570
28937
19767
30454
26318
6201
26767
21370
8677
24655
25214
13403
17268
7754
29399
3509
23674
5950
8750
32345
9938
6822
19167
23747
11866
5884
11091
4173
5461
23687
28030
2722
30734
629
18348
30068
13247
8745
6782
26738
5296
23766
12335
15220
12195
24397
284
18681
27248
22547
8580
13524
30701
5047
15500
2850
19216
13154
16518
19327
17752
12720
8306
13434
9320
10686
20165
25414
29430
5253
21866
7090
227
28774
12039
19546
9899
1797
17793
8991
22528
17755
14786
17878
18866
23047
22714
829
11986
3557
24995
4147
20759
2786
394
9512
2176
1295
10251
4050
22075
31220
6492
3361
9926
31270
24973
32630
32596
12572
3341
21776
6770
7998
19057
12998
14314
14911
22897
14076
9192
26541
27443
26832
14683
1478
22477
10132
25502
30350
19717
11905
25432
24862
23130
169
23201
7487
32329
20782
25702
32055
6345
15282
15118
27107
26392
24846
12893
1286
27833
15431
2201
17889
28094
17342
21228
17412
24131
10918
2314
9315
27451
22203
29715
23724
111
24113
1211
16600
28611
8683
21672
3841
7611
22510
22300
28019
22335
6677
31955
3845
13467
19718
20271
29098
11722
29540
18066
27459
17396
16711
24587
30903
25653
1001
13878
838
26528
12706
8541
4122
21636
13846
8931
3615
17645
20141
8163
13845
5742
2883
12052
12516
18206
18209
32240
30767
9185
11820
4373
9515
11241
8797
25579
8626
19836
5489
11143
28563
24567
10978
16591
31277
32531
13845
30175
9788
11111
26837
23212
5106
21550
17920
13543
18250
11851
11392
12069
10905
31882
3709
828
8037
11561
10449
9200
4475
28823
20157
10703
16444
11643
7642
1881
12856
30200
11858
18532
1790
25135
4943
24767
6961
29702
16308
19990
13023
26664
8972
4373
7695
6222
4799
16848
2969
21180
21388
17251
32315
19214
22323
23253
6120
2100
626
11587
12131
29628
3891
26938
25613
28239
24324
8036
9212
3455
20935
3687
22604
26304
29867
26122
11194
2995
7515
17818
8046
7083
17781
31116
25113
3690
14909
15459
7488
7211
29843
32468
11480
26342
11554
31528
29970
18639
219
6115
19064
27679
14754
23971
8249
4120
3910
1098
28865
8003
29879
23391
5261
31485
17779
4530
31550
8241
26434
8255
31468
2407
13347
23637
10684
29182
16518
29944
30133
24245
20923
24451
28367
3953
6315
30610
30541
15930
1222
22046
20045
20358
17212
9194
10398
22458
15984
27422
19409
6638
12714
11314
24467
25584
9483
14862
26938
27532
26055
8560
9629
4363
20110
8077
13609
11002
29771
27643
20017
16173
2833
22990
27014
19715
5970
5122
7496
3306
16211
31001
6651
18726
20700
23044
32221
13263
20276
8263
29303
24089
7501
8025
18547
13529
6203
5449
1453
9796
13802
7847
6541
21753
31761
8610
11155
31810
25442
29806
14387
27030
31492
17129
28644
12131
24642
30589
3188
29963
24197
11080
4254
2092
19327
24954
9694
4901
29610
4607
3204
7382
10993
18271
21000
13735
21932
21474
16797
30155
32210
25079
17160
12486
18538
25558
7091
556
24387
9829
17917
6060
8933
2904
21205
23630
14535
11933
2439
26873
18883
31479
14805
24120
1222
29161
29770
2877
14796
10965
7371
1575
8460
19813
2927
6528
8815
2858
12177
11018
12615
23683
26915
32699
4158
1217
3140
262
4492
8584
17173
26460
10094
18808
16841
28147
22739
32269
252
29638
28248
29892
29254
11741
27510
31616
25359
20174
10234
31787
421
18308
7606
25504
14475
1343
15991
28617
21525
20700
26167
10500
9777
13143
15763
2764
7304
910
8319
8085
31942
327
23864
5111
15157
8565
24442
1295
8081
28599
7156
3619
11288
10530
20473
22916
31456
29760
27000
14521
1389
23128
11054
2009
2691
26096
24858
24633
1593
2705
14641
24135
28751
14794
5204
32438
13505
18807
25471
22236
6812
3908
25923
11352
3345
21868
22390
12279
31432
3271
28969
24537
16247
24579
14554
21711
19378
3121
2795
32520
32517
8836
25683
5613
26688
5974
17812
16201
24594
17004
16877
12717
12761
13435
3792
22035
18105
1515
10134
11457
1771
730
22898
31088
25944
22628
19363
31406
18791
10018
22510
12417
19219
7920
18252
30285
30016
2036
18144
29687
591
23772
10539
10827
18160
23142
18307
7835
16183
10278
6081
27049
29171
32388
19003
11720
7739
28164
1010
14397
26441
11210
2316
20971
29324
1885
27524
816
11256
28075
4640
20234
9377
7501
11171
10622
16264
28685
25156
11578
8372
23973
25440
21625
4741
7114
3948
14631
21830
32617
26157
8261
3329
817
811
21648
16791
5969
15971
5213
9487
7811
17724
5832
5167
15433
16316
27661
1353
22646
22012
15670
22872
31729
10713
12023
17228
27318
6381
27606
14753
7965
23230
6542
9782
2655
20276
15798
18525
15958
4433
21918
32046
25732
8732
9594
25122
9815
16350
706
1501
27307
15761
7640
6986
3217
28310
3820
25325
28495
31398
10781
15989
5032
11787
24288
8849
4701
6672
9894
23301
8179
6582
18105
21757
32183
3752
26983
25505
31744
27249
21091
13033
29108
22509
12904
23731
19725
6397
24095
21523
8605
27775
27715
6890
22416
4222
32515
30138
24626
13477
15528
4536
5041
28922
15223
20771
7203
5321
25817
12757
4554
25053
5049
536
11415
2038
29230
22458
12014
29816
23130
32100
28073
19041
16018
18983
6495
5757
23742
5976
11494
5085
16643
18590
9494
5253
23456
6729
26064
25189
11798
10725
28735
11403
21388
27919
20062
21654
26737
2696
22459
12398
5475
18824
13178
5170
16720
2901
15260
14450
11995
787
9602
20639
2305
8158
5036
26047
8956
23830
29895
18789
28519
27898
21479
13537
29348
29049
32273
26804
13435
14148
8444
24647
29955
10024
18200
28124
10438
24987
21712
21188
32
14485
27404
10194
32232
31649
21243
10769
24914
18995
22287
16306
26388
24636
11593
18760
9672
4348
22198
4920
2450
25623
6202
31594
13058
2284
28812
8005
15676
5154
12162
9691
12118
15235
4751
31328
7425
1038
2698
2785
14956
5703
3760
24370
26469
11474
8429
7209
30146
20800
26455
18185
12031
23337
32507
23873
23848
25979
27613
5207
23289
11793
19002
22047
28485
5000
9488
19760
30612
9550
5601
5528
9744
31227
4531
26063
22178
16357
1883
17386
16216
15342
13051
6929
10
10913
19146
17715
21821
14206
26899
23800
7302
19034
26776
24413
27772
32519
12067
26441
9813
12264
1913
2711
28599
4380
9745
31094
3945
2140
27532
7313
27576
16852
30266
28806
18457
1841
27872
13721
1551
3324
26297
18346
27983
10790
5306
12900
16163
11748
4122
21944
6412
18365
29202
11913
27307
13792
6370
6057
737
11708
15892
5893
30774
13003
16900
2844
28791
20398
20640
19638
2979
25983
17261
6354
30217
1379
25803
22240
26026
2142
30841
3888
1764
22892
11611
9643
7250
9677
23675
11457
21998
26528
14671
25762
9080
32435
22330
15025
1564
19354
10324
23861
9551
254
22894
14162
11002
7992
12113
26937
10970
19998
18759
4251
6438
2333
27869
30051
5235
20873
16102
28324
1750
23344
3523
5072
25160
26421
4322
3628
31822
16668
16773
7808
19673
4641
12485
11027
5226
32462
32470
27094
11643
17100
22412
31456
3355
16122
6174
1818
14040
11708
555
14140
10209
29078
8186
5880
32108
12793
15878
14452
23126
14940
7610
11262
20489
20367
17785
8188
20131
28492
4577
15649
24661
11792
27729
4839
13320
10024
19112
10297
15175
13071
23632
1135
24409
22519
2172
17536
4525
10406
8621
4211
15228
1411
29307
1303
20649
29681
1938
26100
2540
32731
23291
11137
2607
23440
17565
16792
29496
12754
21507
2598
11657
24105
30559
30759
26500
32638
5071
22226
4051
6372
29408
4368
20231
13497
10577
3379
17535
15854
23321
28901
2700
931
170
24926
17874
6903
4472
5083
17394
4894
14261
16971
28006
12212
29023
22603
3756
7504
17021
27732
15526
21597
23718
22835
22593
7717
24514
3002
30037
28719
6165
22710
10444
4555
23929
28449
519
16363
30698
15000
13181
17204
11592
18959
11941
11349
23641
3779
14103
10904
18702
1904
12526
12470
32263
11204
11888
23536
26456
11284
241
20827
2702
22863
20724
1404
32749
18736
404
8724
4348
2743
25378
32317
8260
32473
30992
23734
15956
10615
22285
25724
4104
3725
22898
1946
27147
28588
15581
19521
17819
32170
22811
11291
29324
21144
844
32221
10896
18420
23361
7452
27061
32032
2089
17505
12335
8723
10349
19839
4440
23119
30936
19492
13301
19474
30459
13999
10171
12241
720
4417
13330
29666
17309
20247
1048
18553
21531
24087
21481
10197
31192
4264
798
11963
27610
22983
12435
22820
27781
3928
17262
30515
15039
9913
1372
28265
7761
8093
12830
6940
5008
4376
8261
26149
23102
3318
26425
25306
27563
19793
9856
2364
7199
24675
21053
24689
27516
18072
10487
11636
18720
14055
13980
31243
20233
32099
2246
2041
14396
10253
30780
1141
5735
30189
11196
4060
2757
15457
14328
28067
1602
14004
222
28815
21728
29682
16412
30504
30809
22267
21732
3179
5638
23767
16620
191
31743
7497
30394
3882
388
14759
23838
25285
18075
11752
11264
4205
5883
14335
1627
22716
29737
18792
30090
17975
2785
14080
10691
31689
6071
6937
9185
18289
32510
7630
11366
19767
7145
6036
15296
24164
2800
16914
14283
20722
29557
27443
10904
27458
5288
24185
22125
14349
6568
30868
19212
22173
30955
6451
24632
6973
25311
26394
14710
5102
977
6772
14097
17755
7439
16747
30816
13327
14665
13047
21323
3558
61
9203
25868
1985
28052
4726
8243
17278
28422
31584
31725
21032
11717
3635
10373
9834
1817
21285
27947
2890
30791
30579
4853
29460
440
13303
291
12947
17751
509
28327
31879
25659
4691
19685
12628
24454
15007
20407
22264
141
19701
14004
19775
3129
3497
15282
4666
17837
15202
19081
10989
1064
23920
26138
1096
24621
19552
24208
24665
15330
10445
15590
9151
10935
13433
1962
5986
31815
16796
17664
29281
28291
11387
24041
16460
19213
4925
18117
30612
29666
16378
4375
21567
9020
30998
19081
19168
25271
11213
19760
10183
32178
9486
25872
11893
29432
19597
28387
19795
10656
5652
21526
14755
27953
7449
2069
1974
29962
7830
27336
4959
31489
17685
13405
19625
9547
31498
20041
15557
18332
14182
15753
22342
16270
30825
558
27537
28743
24760
4120
19086
8534
10927
17666
29860
17631
26104
32703
25573
26872
13149
15554
18053
22610
29402
23524
15761
11804
6135
29538
29661
24868
6229
21541
8511
2624
10374
9031
19962
27116
15137
11474
27261
28980
30230
21451
3918
20949
4672
17263
31041
22943
22841
17852
5613
7453
13682
25395
13408
13688
2179
12253
11794
5529
15295
27020
7192
14990
16140
19299
27802
15151
27122
15000
27783
31489
29425
12409
6535
1114
28952
1453
20530
19910
7123
701
10879
28330
15621
22995
8831
1831
2390
28097
19787
24385
21199
2628
16955
321
18852
29066
600
21335
16208
25331
29716
29828
8167
32533
18233
24759
5544
11522
21792
8247
2770
25805
20771
1600
32186
842
23892
17137
23321
2838
22384
19558
21162
30423
29198
25377
23029
197
28188
13742
20837
874
2188
26502
32673
22437
28747
32565
22297
21493
22643
32696
14815
20724
31425
12585
12217
22306
7753
23710
17012
23012
30312
32590
29819
9165
28155
14581
1448
22555
13006
31098
31321
11653
5464
12751
6343
17972
4261
3098
20627
18703
3731
28434
16546
8251
15425
20651
20267
226
709
7157
2062
8244
30749
11841
13672
14764
23656
12167
26212
19093
30551
18948
22612
9932
27102
1319
30208
19143
18479
18350
24893
3798
4072
17677
15042
8105
20107
23055
7224
24595
3120
7359
30864
6157
20086
9097
22169
5374
18367
18333
6610
7994
1693
26260
19837
26824
14727
26454
9716
22888
23249
1595
11328
23508
22747
11376
18408
4167
3720
22173
6919
2108
8177
20164
25761
28536
3931
15725
23863
17994
7783
22016
16793
4370
20361
8818
32764
8448
7099
12835
15180
23070
12403
12295
6340
6801
18898
9221
3003
10012
32030
25500
5057
16613
1906
30156
8426
18556
29876
28212
4714
4633
13000
888
866
20261
25859
25829
23034
12540
3043
4952
19632
10482
21757
16731
20976
27028
10038
32402
11748
3376
16182
12886
4749
1431
28698
10655
1555
14625
23657
15399
857
28914
15178
19660
2261
31868
32244
10550
2463
11845
26981
3259
29895
5610
30807
19071
18156
7013
6512
25312
23050
24459
7609
2065
26516
1496
27473
22020
28867
19311
18531
16782
301
3933
21077
710
32665
12318
30018
32430
274
25186
30635
29717
21050
25873
28265
28603
10977
13964
11494
19383
16342
12086
1421
15894
9981
9523